0.0;43
0.0;43
0.0;500
0.0;500
0.0;361
0.0;361
0.0;500
0.0;500
0.0;285
0.0;285
0.0;25
0.0;25
0.0;190
0.0;190
0.0;500
0.0;500
0.0;28
0.0;28
1.0;228
1.0;228
0.0;75
0.0;75
1.0;223
1.0;223
1.0;498
1.0;498
0.0;257
0.0;257
0.0;500
0.0;500
1.0;295
1.0;295
1.0;286
1.0;286
0.0;396
0.0;396
1.0;397
1.0;397
0.0;500
0.0;500
0.0;205
0.0;205
1.0;91
1.0;91
0.0;19
0.0;19
0.0;500
0.0;500
0.0;500
0.0;500
1.0;284
1.0;284
0.0;500
0.0;500
1.0;77
1.0;77
1.0;309
1.0;309
1.0;178
1.0;178
0.0;321
0.0;321
1.0;308
1.0;308
0.0;490
0.0;490
0.0;89
0.0;89
0.0;500
0.0;500
1.0;150
1.0;150
0.0;500
0.0;500
0.0;349
0.0;349
1.0;92
1.0;92
0.0;50
0.0;50
1.0;120
1.0;120
0.0;500
0.0;500
1.0;197
1.0;197
1.0;59
1.0;59
0.0;500
0.0;500
1.0;433
1.0;433
0.0;141
0.0;141
1.0;195
1.0;195
0.0;500
0.0;500
1.0;206
1.0;206
0.0;500
0.0;500
0.0;95
0.0;95
0.0;7
0.0;7
1.0;229
1.0;229
1.0;325
1.0;325
1.0;400
1.0;400
1.0;323
1.0;323
1.0;319
1.0;319
1.0;323
1.0;323
1.0;125
1.0;125
0.0;319
0.0;319
0.0;500
0.0;500
1.0;53
1.0;53
1.0;235
1.0;235
1.0;373
1.0;373
0.0;34
0.0;34
0.0;500
0.0;500
1.0;80
1.0;80
0.0;500
0.0;500
1.0;205
1.0;205
1.0;406
1.0;406
0.0;349
0.0;349
0.0;412
0.0;412
1.0;387
1.0;387
1.0;168
1.0;168
1.0;377
1.0;377
1.0;235
1.0;235
1.0;208
1.0;208
1.0;107
1.0;107
0.0;7
0.0;7
1.0;159
1.0;159
1.0;217
1.0;217
0.0;7
0.0;7
1.0;162
1.0;162
1.0;354
1.0;354
1.0;118
1.0;118
1.0;71
1.0;71
1.0;437
1.0;437
1.0;482
1.0;482
0.0;244
0.0;244
1.0;338
1.0;338
1.0;153
1.0;153
0.0;388
0.0;388
1.0;120
1.0;120
1.0;98
1.0;98
0.0;141
0.0;141
1.0;109
1.0;109
1.0;272
1.0;272
1.0;66
1.0;66
1.0;347
1.0;347
1.0;61
1.0;61
1.0;351
1.0;351
1.0;203
1.0;203
1.0;363
1.0;363
1.0;310
1.0;310
1.0;187
1.0;187
0.0;43
0.0;43
1.0;178
1.0;178
1.0;223
1.0;223
1.0;143
1.0;143
1.0;182
1.0;182
1.0;291
1.0;291
1.0;248
1.0;248
1.0;158
1.0;158
1.0;106
1.0;106
0.0;201
0.0;201
1.0;59
1.0;59
1.0;63
1.0;63
1.0;173
1.0;173
1.0;83
1.0;83
1.0;130
1.0;130
1.0;118
1.0;118
1.0;300
1.0;300
1.0;69
1.0;69
1.0;382
1.0;382
1.0;103
1.0;103
1.0;264
1.0;264
1.0;82
1.0;82
1.0;208
1.0;208
0.0;500
0.0;500
1.0;144
1.0;144
0.0;7
0.0;7
1.0;276
1.0;276
0.0;9
0.0;9
1.0;198
1.0;198
1.0;307
1.0;307
1.0;65
1.0;65
1.0;117
1.0;117
1.0;63
1.0;63
1.0;137
1.0;137
1.0;393
1.0;393
1.0;143
1.0;143
1.0;191
1.0;191
1.0;167
1.0;167
1.0;63
1.0;63
1.0;250
1.0;250
1.0;39
1.0;39
0.0;500
0.0;500
1.0;366
1.0;366
1.0;99
1.0;99
1.0;137
1.0;137
1.0;73
1.0;73
1.0;184
1.0;184
1.0;136
1.0;136
1.0;105
1.0;105
1.0;34
1.0;34
1.0;330
1.0;330
1.0;156
1.0;156
1.0;77
1.0;77
1.0;79
1.0;79
1.0;145
1.0;145
0.0;293
0.0;293
1.0;89
1.0;89
1.0;163
1.0;163
1.0;107
1.0;107
0.0;7
0.0;7
1.0;404
1.0;404
1.0;89
1.0;89
1.0;113
1.0;113
1.0;39
1.0;39
1.0;198
1.0;198
1.0;268
1.0;268
1.0;154
1.0;154
1.0;69
1.0;69
1.0;223
1.0;223
1.0;180
1.0;180
1.0;67
1.0;67
1.0;113
1.0;113
1.0;69
1.0;69
1.0;129
1.0;129
1.0;67
1.0;67
1.0;73
1.0;73
1.0;208
1.0;208
1.0;123
1.0;123
1.0;35
1.0;35
1.0;109
1.0;109
1.0;77
1.0;77
1.0;91
1.0;91
0.0;7
0.0;7
1.0;223
1.0;223
1.0;101
1.0;101
1.0;218
1.0;218
1.0;145
1.0;145
1.0;47
1.0;47
1.0;209
1.0;209
1.0;49
1.0;49
1.0;213
1.0;213
0.0;253
0.0;253
1.0;171
1.0;171
1.0;57
1.0;57
1.0;169
1.0;169
1.0;91
1.0;91
1.0;115
1.0;115
1.0;126
1.0;126
1.0;76
1.0;76
1.0;127
1.0;127
1.0;33
1.0;33
1.0;393
1.0;393
1.0;89
1.0;89
1.0;315
1.0;315
1.0;35
1.0;35
0.0;7
0.0;7
1.0;179
1.0;179
1.0;279
1.0;279
1.0;272
1.0;272
1.0;68
1.0;68
1.0;114
1.0;114
1.0;223
1.0;223
1.0;41
1.0;41
1.0;88
1.0;88
1.0;303
1.0;303
1.0;79
1.0;79
1.0;75
1.0;75
1.0;61
1.0;61
1.0;37
1.0;37
1.0;81
1.0;81
1.0;124
1.0;124
1.0;83
1.0;83
1.0;83
1.0;83
1.0;71
1.0;71
1.0;108
1.0;108
1.0;92
1.0;92
1.0;93
1.0;93
1.0;65
1.0;65
1.0;179
1.0;179
1.0;170
1.0;170
1.0;191
1.0;191
1.0;94
1.0;94
1.0;79
1.0;79
1.0;135
1.0;135
0.0;7
0.0;7
1.0;96
1.0;96
1.0;145
1.0;145
1.0;39
1.0;39
1.0;54
1.0;54
1.0;206
1.0;206
1.0;35
1.0;35
1.0;212
1.0;212
1.0;29
1.0;29
1.0;53
1.0;53
1.0;71
1.0;71
1.0;147
1.0;147
0.0;9
0.0;9
1.0;143
1.0;143
1.0;130
1.0;130
1.0;160
1.0;160
1.0;45
1.0;45
1.0;37
1.0;37
1.0;204
1.0;204
1.0;122
1.0;122
1.0;63
1.0;63
1.0;296
1.0;296
1.0;197
1.0;197
1.0;55
1.0;55
1.0;174
1.0;174
1.0;130
1.0;130
1.0;37
1.0;37
1.0;227
1.0;227
0.0;7
0.0;7
1.0;43
1.0;43
1.0;95
1.0;95
1.0;234
1.0;234
1.0;110
1.0;110
1.0;105
1.0;105
1.0;43
1.0;43
1.0;63
1.0;63
1.0;31
1.0;31
1.0;111
1.0;111
1.0;216
1.0;216
1.0;49
1.0;49
1.0;72
1.0;72
1.0;148
1.0;148
1.0;148
1.0;148
1.0;55
1.0;55
1.0;125
1.0;125
1.0;62
1.0;62
1.0;25
1.0;25
0.0;7
0.0;7
1.0;57
1.0;57
1.0;98
1.0;98
1.0;56
1.0;56
1.0;59
1.0;59
1.0;146
1.0;146
1.0;56
1.0;56
1.0;286
1.0;286
1.0;128
1.0;128
1.0;49
1.0;49
0.0;7
0.0;7
1.0;57
1.0;57
1.0;23
1.0;23
1.0;56
1.0;56
1.0;211
1.0;211
1.0;107
1.0;107
0.0;36
0.0;36
1.0;51
1.0;51
1.0;65
1.0;65
1.0;67
1.0;67
1.0;27
1.0;27
1.0;41
1.0;41
1.0;47
1.0;47
1.0;224
1.0;224
1.0;121
1.0;121
1.0;65
1.0;65
1.0;39
1.0;39
1.0;43
1.0;43
1.0;134
1.0;134
1.0;35
1.0;35
1.0;53
1.0;53
1.0;31
1.0;31
1.0;175
1.0;175
1.0;81
1.0;81
1.0;94
1.0;94
0.0;7
0.0;7
1.0;43
1.0;43
1.0;37
1.0;37
1.0;57
1.0;57
1.0;137
1.0;137
1.0;37
1.0;37
1.0;140
1.0;140
1.0;57
1.0;57
1.0;181
1.0;181
1.0;29
1.0;29
1.0;43
1.0;43
1.0;48
1.0;48
1.0;183
1.0;183
1.0;139
1.0;139
1.0;29
1.0;29
1.0;55
1.0;55
1.0;41
1.0;41
1.0;75
1.0;75
0.0;7
0.0;7
1.0;175
1.0;175
1.0;31
1.0;31
1.0;77
1.0;77
1.0;63
1.0;63
1.0;150
1.0;150
1.0;49
1.0;49
1.0;39
1.0;39
1.0;265
1.0;265
1.0;31
1.0;31
1.0;54
1.0;54
1.0;117
1.0;117
1.0;37
1.0;37
1.0;73
1.0;73
1.0;33
1.0;33
1.0;33
1.0;33
1.0;137
1.0;137
1.0;80
1.0;80
0.0;7
0.0;7
1.0;83
1.0;83
1.0;51
1.0;51
1.0;136
1.0;136
1.0;64
1.0;64
1.0;29
1.0;29
1.0;23
1.0;23
1.0;183
1.0;183
0.0;17
0.0;17
1.0;61
1.0;61
1.0;96
1.0;96
1.0;51
1.0;51
0.0;500
0.0;500
1.0;81
1.0;81
1.0;43
1.0;43
1.0;41
1.0;41
1.0;31
1.0;31
1.0;61
1.0;61
1.0;39
1.0;39
1.0;51
1.0;51
0.0;21
0.0;21
1.0;200
1.0;200
0.0;31
0.0;31
1.0;124
1.0;124
1.0;29
1.0;29
1.0;49
1.0;49
1.0;118
1.0;118
1.0;92
1.0;92
1.0;27
1.0;27
1.0;138
1.0;138
1.0;33
1.0;33
1.0;41
1.0;41
1.0;35
1.0;35
1.0;69
1.0;69
1.0;120
1.0;120
1.0;25
1.0;25
1.0;31
1.0;31
1.0;89
1.0;89
1.0;136
1.0;136
1.0;41
1.0;41
1.0;189
1.0;189
1.0;46
1.0;46
1.0;47
1.0;47
1.0;132
1.0;132
0.0;7
0.0;7
1.0;77
1.0;77
1.0;31
1.0;31
1.0;268
1.0;268
1.0;203
1.0;203
1.0;29
1.0;29
1.0;43
1.0;43
1.0;45
1.0;45
1.0;29
1.0;29
1.0;45
1.0;45
1.0;53
1.0;53
0.0;7
0.0;7
1.0;21
1.0;21
1.0;65
1.0;65
1.0;39
1.0;39
1.0;98
1.0;98
1.0;68
1.0;68
1.0;232
1.0;232
0.0;7
0.0;7
1.0;31
1.0;31
1.0;49
1.0;49
1.0;108
1.0;108
1.0;99
1.0;99
1.0;73
1.0;73
1.0;31
1.0;31
1.0;37
1.0;37
1.0;21
1.0;21
1.0;31
1.0;31
1.0;68
1.0;68
1.0;96
1.0;96
1.0;33
1.0;33
1.0;70
1.0;70
1.0;29
1.0;29
1.0;150
1.0;150
1.0;29
1.0;29
1.0;209
1.0;209
1.0;27
1.0;27
1.0;71
1.0;71
1.0;45
1.0;45
1.0;43
1.0;43
1.0;59
1.0;59
1.0;104
1.0;104
1.0;21
1.0;21
1.0;59
1.0;59
1.0;27
1.0;27
0.0;15
0.0;15
1.0;46
1.0;46
1.0;136
1.0;136
1.0;23
1.0;23
1.0;23
1.0;23
1.0;79
1.0;79
1.0;129
1.0;129
1.0;100
1.0;100
1.0;92
1.0;92
0.0;7
0.0;7
1.0;41
1.0;41
1.0;39
1.0;39
1.0;27
1.0;27
1.0;45
1.0;45
1.0;43
1.0;43
1.0;31
1.0;31
1.0;31
1.0;31
1.0;159
1.0;159
0.0;7
0.0;7
1.0;219
1.0;219
1.0;23
1.0;23
1.0;37
1.0;37
1.0;23
1.0;23
1.0;34
1.0;34
1.0;60
1.0;60
1.0;54
1.0;54
1.0;23
1.0;23
1.0;113
1.0;113
1.0;49
1.0;49
1.0;25
1.0;25
1.0;41
1.0;41
1.0;33
1.0;33
1.0;39
1.0;39
1.0;57
1.0;57
1.0;25
1.0;25
1.0;70
1.0;70
1.0;37
1.0;37
1.0;74
1.0;74
0.0;15
0.0;15
1.0;27
1.0;27
1.0;39
1.0;39
1.0;64
1.0;64
1.0;31
1.0;31
1.0;37
1.0;37
1.0;123
1.0;123
1.0;60
1.0;60
1.0;57
1.0;57
1.0;35
1.0;35
1.0;25
1.0;25
1.0;29
1.0;29
1.0;37
1.0;37
1.0;84
1.0;84
1.0;67
1.0;67
1.0;33
1.0;33
0.0;7
0.0;7
1.0;31
1.0;31
1.0;191
1.0;191
1.0;86
1.0;86
1.0;71
1.0;71
1.0;33
1.0;33
1.0;35
1.0;35
1.0;63
1.0;63
1.0;55
1.0;55
0.0;11
0.0;11
1.0;183
1.0;183
1.0;31
1.0;31
1.0;31
1.0;31
1.0;109
1.0;109
1.0;41
1.0;41
1.0;21
1.0;21
1.0;31
1.0;31
1.0;31
1.0;31
1.0;39
1.0;39
1.0;104
1.0;104
1.0;69
1.0;69
1.0;52
1.0;52
1.0;23
1.0;23
1.0;37
1.0;37
1.0;25
1.0;25
1.0;44
1.0;44
0.0;7
0.0;7
1.0;27
1.0;27
1.0;137
1.0;137
1.0;88
1.0;88
1.0;45
1.0;45
1.0;37
1.0;37
1.0;31
1.0;31
1.0;63
1.0;63
1.0;23
1.0;23
1.0;41
1.0;41
1.0;29
1.0;29
1.0;69
1.0;69
0.0;7
0.0;7
1.0;29
1.0;29
1.0;29
1.0;29
1.0;31
1.0;31
1.0;49
1.0;49
1.0;32
1.0;32
1.0;158
1.0;158
1.0;23
1.0;23
1.0;25
1.0;25
1.0;41
1.0;41
1.0;21
1.0;21
1.0;23
1.0;23
1.0;41
1.0;41
1.0;120
1.0;120
1.0;44
1.0;44
1.0;23
1.0;23
1.0;29
1.0;29
1.0;45
1.0;45
1.0;85
1.0;85
1.0;60
1.0;60
1.0;47
1.0;47
1.0;55
1.0;55
1.0;25
1.0;25
1.0;80
1.0;80
1.0;23
1.0;23
1.0;27
1.0;27
1.0;36
1.0;36
1.0;35
1.0;35
1.0;27
1.0;27
1.0;35
1.0;35
1.0;27
1.0;27
1.0;25
1.0;25
1.0;21
1.0;21
1.0;135
1.0;135
1.0;21
1.0;21
1.0;114
1.0;114
0.0;11
0.0;11
1.0;47
1.0;47
1.0;21
1.0;21
1.0;31
1.0;31
1.0;21
1.0;21
1.0;25
1.0;25
1.0;71
1.0;71
1.0;27
1.0;27
1.0;39
1.0;39
1.0;27
1.0;27
1.0;51
1.0;51
1.0;27
1.0;27
1.0;27
1.0;27
1.0;25
1.0;25
1.0;61
1.0;61
1.0;21
1.0;21
1.0;145
1.0;145
1.0;23
1.0;23
1.0;43
1.0;43
1.0;23
1.0;23
0.0;7
0.0;7
1.0;35
1.0;35
1.0;110
1.0;110
1.0;23
1.0;23
1.0;91
1.0;91
1.0;47
1.0;47
1.0;23
1.0;23
1.0;21
1.0;21
1.0;55
1.0;55
1.0;35
1.0;35
0.0;7
0.0;7
1.0;69
1.0;69
1.0;25
1.0;25
1.0;21
1.0;21
1.0;27
1.0;27
1.0;25
1.0;25
0.0;7
0.0;7
1.0;33
1.0;33
1.0;25
1.0;25
1.0;21
1.0;21
1.0;37
1.0;37
1.0;27
1.0;27
1.0;23
1.0;23
1.0;77
1.0;77
1.0;27
1.0;27
1.0;23
1.0;23
1.0;21
1.0;21
1.0;86
1.0;86
1.0;25
1.0;25
1.0;25
1.0;25
1.0;25
1.0;25
1.0;27
1.0;27
1.0;21
1.0;21
1.0;23
1.0;23
0.0;7
0.0;7
1.0;85
1.0;85
1.0;25
1.0;25
1.0;27
1.0;27
1.0;52
1.0;52
1.0;21
1.0;21
1.0;23
1.0;23
1.0;21
1.0;21
1.0;23
1.0;23
1.0;25
1.0;25
1.0;23
1.0;23
1.0;21
1.0;21
1.0;25
1.0;25
1.0;21
1.0;21
1.0;23
1.0;23
1.0;23
1.0;23
0.0;9
0.0;9
1.0;23
1.0;23
1.0;23
1.0;23
1.0;25
1.0;25
1.0;21
1.0;21
1.0;23
1.0;23
1.0;25
1.0;25
1.0;29
1.0;29
1.0;73
1.0;73
1.0;29
1.0;29
1.0;25
1.0;25
1.0;25
1.0;25
1.0;25
1.0;25
1.0;21
1.0;21
1.0;23
1.0;23
1.0;25
1.0;25
1.0;21
1.0;21
0.0;7
0.0;7
1.0;27
1.0;27
1.0;21
1.0;21
1.0;27
1.0;27
1.0;21
1.0;21
1.0;23
1.0;23
1.0;25
1.0;25
1.0;23
1.0;23
1.0;21
1.0;21
1.0;21
1.0;21
1.0;21
1.0;21
1.0;25
1.0;25
1.0;29
1.0;29
1.0;23
1.0;23
1.0;21
1.0;21
1.0;25
1.0;25
1.0;23
1.0;23
1.0;21
1.0;21
1.0;27
1.0;27
1.0;23
1.0;23
1.0;23
1.0;23
1.0;27
1.0;27
1.0;25
1.0;25
1.0;27
1.0;27
1.0;21
1.0;21
1.0;27
1.0;27
1.0;23
1.0;23
1.0;23
1.0;23
1.0;27
1.0;27
1.0;23
1.0;23
1.0;23
1.0;23
1.0;23
1.0;23
1.0;23
1.0;23
1.0;29
1.0;29
1.0;25
1.0;25
1.0;115
1.0;115
1.0;25
1.0;25
1.0;27
1.0;27
1.0;21
1.0;21
1.0;23
1.0;23
1.0;21
1.0;21
1.0;23
1.0;23
1.0;23
1.0;23
1.0;25
1.0;25
1.0;23
1.0;23
1.0;21
1.0;21
1.0;21
1.0;21
1.0;27
1.0;27
1.0;29
1.0;29
1.0;23
1.0;23
1.0;23
1.0;23
1.0;25
1.0;25
1.0;23
1.0;23
1.0;25
1.0;25
1.0;23
1.0;23
1.0;25
1.0;25
1.0;23
1.0;23
1.0;53
1.0;53
1.0;25
1.0;25
1.0;21
1.0;21
1.0;25
1.0;25
1.0;31
1.0;31
1.0;23
1.0;23
1.0;29
1.0;29
1.0;23
1.0;23
1.0;23
1.0;23
1.0;23
1.0;23
1.0;23
1.0;23
1.0;27
1.0;27
1.0;25
1.0;25
1.0;21
1.0;21
1.0;21
1.0;21
1.0;21
1.0;21
1.0;21
1.0;21
1.0;23
1.0;23
1.0;21
1.0;21
1.0;31
1.0;31
1.0;23
1.0;23
1.0;23
1.0;23
1.0;23
1.0;23
1.0;29
1.0;29
1.0;31
1.0;31
1.0;25
1.0;25
1.0;21
1.0;21
1.0;27
1.0;27
1.0;25
1.0;25
1.0;23
1.0;23
1.0;23
1.0;23
1.0;27
1.0;27
1.0;23
1.0;23
1.0;23
1.0;23
1.0;25
1.0;25
1.0;21
1.0;21
1.0;25
1.0;25
1.0;23
1.0;23
0.0;9
0.0;9
1.0;23
1.0;23
1.0;21
1.0;21
1.0;21
1.0;21
1.0;25
1.0;25
1.0;21
1.0;21
0.0;9
0.0;9
1.0;23
1.0;23
0.0;9
0.0;9
1.0;27
1.0;27
1.0;25
1.0;25
1.0;21
1.0;21
1.0;27
1.0;27
1.0;27
1.0;27
1.0;23
1.0;23
1.0;25
1.0;25
1.0;29
1.0;29
1.0;25
1.0;25
1.0;25
1.0;25
1.0;23
1.0;23
1.0;25
1.0;25
1.0;27
1.0;27
1.0;25
1.0;25
0.0;19
0.0;19
1.0;29
1.0;29
1.0;25
1.0;25
1.0;21
1.0;21
1.0;23
1.0;23
1.0;25
1.0;25
1.0;31
1.0;31
1.0;23
1.0;23
1.0;27
1.0;27
1.0;21
1.0;21
1.0;29
1.0;29
1.0;21
1.0;21
1.0;21
1.0;21
1.0;21
1.0;21
1.0;23
1.0;23
1.0;21
1.0;21
1.0;23
1.0;23
1.0;23
1.0;23
1.0;23
1.0;23
1.0;21
1.0;21
1.0;23
1.0;23
1.0;21
1.0;21
1.0;23
1.0;23
1.0;23
1.0;23
1.0;25
1.0;25
1.0;23
1.0;23
1.0;23
1.0;23
1.0;23
1.0;23
1.0;27
1.0;27
1.0;25
1.0;25
1.0;25
1.0;25
0.0;7
0.0;7
1.0;23
1.0;23
0.0;9
0.0;9
1.0;21
1.0;21
1.0;23
1.0;23
1.0;23
1.0;23
1.0;23
1.0;23
0.0;9
0.0;9
1.0;21
1.0;21
0.0;9
0.0;9
1.0;23
1.0;23
1.0;25
1.0;25
1.0;39
1.0;39
1.0;21
1.0;21
1.0;27
1.0;27
1.0;23
1.0;23
1.0;25
1.0;25
1.0;23
1.0;23
1.0;23
1.0;23
1.0;23
1.0;23
1.0;21
1.0;21
1.0;25
1.0;25
1.0;27
1.0;27
1.0;21
1.0;21
1.0;25
1.0;25
1.0;27
1.0;27
1.0;25
1.0;25
1.0;21
1.0;21
1.0;25
1.0;25
1.0;23
1.0;23
1.0;27
1.0;27
1.0;25
1.0;25
1.0;25
1.0;25
1.0;25
1.0;25
1.0;27
1.0;27
1.0;27
1.0;27
1.0;23
1.0;23
1.0;25
1.0;25
1.0;21
1.0;21
1.0;29
1.0;29
1.0;21
1.0;21
1.0;25
1.0;25
1.0;23
1.0;23
1.0;23
1.0;23
1.0;25
1.0;25
1.0;25
1.0;25
1.0;23
1.0;23
1.0;33
1.0;33
1.0;29
1.0;29
1.0;23
1.0;23
1.0;23
1.0;23
1.0;25
1.0;25
1.0;23
1.0;23
1.0;21
1.0;21
1.0;21
1.0;21
1.0;29
1.0;29
1.0;21
1.0;21
1.0;21
1.0;21
1.0;21
1.0;21
1.0;23
1.0;23
1.0;23
1.0;23
1.0;23
1.0;23
1.0;21
1.0;21
1.0;21
1.0;21
1.0;21
1.0;21
1.0;21
1.0;21
1.0;23
1.0;23
1.0;27
1.0;27
1.0;25
1.0;25
1.0;23
1.0;23
1.0;21
1.0;21
1.0;21
1.0;21
1.0;21
1.0;21
1.0;23
1.0;23
1.0;23
1.0;23
1.0;23
1.0;23
1.0;25
1.0;25
1.0;21
1.0;21
1.0;21
1.0;21
1.0;23
1.0;23
1.0;25
1.0;25
1.0;25
1.0;25
1.0;23
1.0;23
1.0;21
1.0;21
0.0;7
0.0;7
1.0;23
1.0;23
1.0;25
1.0;25
1.0;25
1.0;25
0.0;7
0.0;7
0.0;9
0.0;9
1.0;23
1.0;23
1.0;25
1.0;25
1.0;23
1.0;23
1.0;27
1.0;27
1.0;25
1.0;25
1.0;21
1.0;21
1.0;25
1.0;25
1.0;25
1.0;25
1.0;21
1.0;21
1.0;23
1.0;23
1.0;23
1.0;23
1.0;23
1.0;23
1.0;23
1.0;23
1.0;25
1.0;25
1.0;23
1.0;23
1.0;23
1.0;23
1.0;23
1.0;23
0.0;9
0.0;9
0.0;7
0.0;7
1.0;23
1.0;23
1.0;27
1.0;27
1.0;21
1.0;21
1.0;29
1.0;29
1.0;21
1.0;21
1.0;23
1.0;23
1.0;27
1.0;27
1.0;25
1.0;25
1.0;21
1.0;21
1.0;27
1.0;27
1.0;21
1.0;21
1.0;21
1.0;21
1.0;25
1.0;25
1.0;23
1.0;23
0.0;7
0.0;7
1.0;23
1.0;23
1.0;23
1.0;23
1.0;25
1.0;25
1.0;21
1.0;21
1.0;21
1.0;21
1.0;23
1.0;23
1.0;23
1.0;23
1.0;21
1.0;21
1.0;25
1.0;25
1.0;21
1.0;21
1.0;21
1.0;21
1.0;21
1.0;21
1.0;23
1.0;23
1.0;21
1.0;21
1.0;21
1.0;21
1.0;31
1.0;31
1.0;21
1.0;21
1.0;21
1.0;21
1.0;25
1.0;25
1.0;21
1.0;21
1.0;27
1.0;27
1.0;21
1.0;21
1.0;21
1.0;21
1.0;29
1.0;29
1.0;21
1.0;21
1.0;21
1.0;21
1.0;25
1.0;25
1.0;27
1.0;27
1.0;23
1.0;23
1.0;29
1.0;29
1.0;25
1.0;25
1.0;29
1.0;29
1.0;25
1.0;25
1.0;23
1.0;23
1.0;23
1.0;23
1.0;31
1.0;31
1.0;21
1.0;21
1.0;25
1.0;25
1.0;25
1.0;25
1.0;21
1.0;21
1.0;31
1.0;31
1.0;21
1.0;21
1.0;21
1.0;21
1.0;23
1.0;23
1.0;27
1.0;27
1.0;23
1.0;23
1.0;23
1.0;23
1.0;23
1.0;23
1.0;25
1.0;25
1.0;29
1.0;29
1.0;23
1.0;23
1.0;23
1.0;23
1.0;21
1.0;21
1.0;27
1.0;27
1.0;25
1.0;25
1.0;31
1.0;31
1.0;25
1.0;25
1.0;25
1.0;25
1.0;23
1.0;23
1.0;23
1.0;23
1.0;29
1.0;29
1.0;25
1.0;25
1.0;21
1.0;21
0.0;9
0.0;9
1.0;21
1.0;21
1.0;21
1.0;21
1.0;21
1.0;21
1.0;23
1.0;23
1.0;23
1.0;23
1.0;27
1.0;27
1.0;23
1.0;23
1.0;23
1.0;23
1.0;31
1.0;31
1.0;31
1.0;31
1.0;23
1.0;23
1.0;25
1.0;25
1.0;21
1.0;21
1.0;21
1.0;21
1.0;27
1.0;27
1.0;23
1.0;23
1.0;27
1.0;27
1.0;31
1.0;31
1.0;27
1.0;27
1.0;21
1.0;21
1.0;23
1.0;23
1.0;25
1.0;25
0.0;7
0.0;7
1.0;27
1.0;27
1.0;21
1.0;21
1.0;23
1.0;23
1.0;27
1.0;27
1.0;21
1.0;21
1.0;25
1.0;25
1.0;29
1.0;29
1.0;25
1.0;25
1.0;27
1.0;27
1.0;31
1.0;31
1.0;23
1.0;23
1.0;21
1.0;21
1.0;21
1.0;21
0.0;7
0.0;7
1.0;25
1.0;25
1.0;23
1.0;23
1.0;25
1.0;25
1.0;23
1.0;23
1.0;21
1.0;21
0.0;7
0.0;7
1.0;23
1.0;23
1.0;23
1.0;23
1.0;23
1.0;23
1.0;25
1.0;25
1.0;23
1.0;23
1.0;23
1.0;23
0.0;7
0.0;7
1.0;27
1.0;27
1.0;23
1.0;23
1.0;25
1.0;25
1.0;31
1.0;31
1.0;27
1.0;27
1.0;23
1.0;23
1.0;23
1.0;23
1.0;23
1.0;23
1.0;21
1.0;21
1.0;21
1.0;21
1.0;23
1.0;23
1.0;27
1.0;27
1.0;35
1.0;35
1.0;27
1.0;27
1.0;25
1.0;25
1.0;21
1.0;21
1.0;21
1.0;21
1.0;27
1.0;27
1.0;21
1.0;21
1.0;23
1.0;23
0.0;11
0.0;11
1.0;25
1.0;25
1.0;23
1.0;23
1.0;21
1.0;21
0.0;9
0.0;9
1.0;23
1.0;23
1.0;23
1.0;23
1.0;21
1.0;21
1.0;29
1.0;29
1.0;27
1.0;27
1.0;33
1.0;33
1.0;25
1.0;25
1.0;23
1.0;23
1.0;25
1.0;25
1.0;23
1.0;23
1.0;21
1.0;21
1.0;21
1.0;21
1.0;23
1.0;23
1.0;23
1.0;23
1.0;25
1.0;25
1.0;21
1.0;21
1.0;25
1.0;25
1.0;45
1.0;45
1.0;23
1.0;23
1.0;23
1.0;23
1.0;23
1.0;23
1.0;23
1.0;23
1.0;21
1.0;21
1.0;23
1.0;23
1.0;23
1.0;23
1.0;21
1.0;21
1.0;21
1.0;21
1.0;23
1.0;23
1.0;23
1.0;23
1.0;25
1.0;25
1.0;25
1.0;25
1.0;29
1.0;29
1.0;27
1.0;27
1.0;25
1.0;25
1.0;23
1.0;23
1.0;27
1.0;27
1.0;25
1.0;25
1.0;23
1.0;23
1.0;23
1.0;23
1.0;21
1.0;21
1.0;21
1.0;21
0.0;9
0.0;9
1.0;23
1.0;23
1.0;21
1.0;21
1.0;27
1.0;27
1.0;25
1.0;25
1.0;25
1.0;25
1.0;25
1.0;25
1.0;23
1.0;23
0.0;13
0.0;13
1.0;23
1.0;23
1.0;21
1.0;21
1.0;25
1.0;25
0.0;7
0.0;7
1.0;27
1.0;27
1.0;21
1.0;21
1.0;23
1.0;23
1.0;23
1.0;23
1.0;27
1.0;27
1.0;23
1.0;23
0.0;7
0.0;7
1.0;23
1.0;23
1.0;25
1.0;25
1.0;23
1.0;23
1.0;21
1.0;21
1.0;23
1.0;23
1.0;23
1.0;23
0.0;7
0.0;7
1.0;23
1.0;23
1.0;21
1.0;21
1.0;23
1.0;23
1.0;27
1.0;27
1.0;27
1.0;27
1.0;23
1.0;23
1.0;23
1.0;23
1.0;21
1.0;21
1.0;21
1.0;21
1.0;21
1.0;21
1.0;21
1.0;21
1.0;27
1.0;27
1.0;23
1.0;23
1.0;25
1.0;25
1.0;21
1.0;21
1.0;23
1.0;23
1.0;23
1.0;23
1.0;21
1.0;21
1.0;21
1.0;21
1.0;21
1.0;21
1.0;21
1.0;21
1.0;21
1.0;21
1.0;25
1.0;25
1.0;21
1.0;21
1.0;31
1.0;31
1.0;21
1.0;21
1.0;25
1.0;25
1.0;23
1.0;23
1.0;27
1.0;27
1.0;23
1.0;23
1.0;23
1.0;23
0.0;7
0.0;7
1.0;23
1.0;23
1.0;21
1.0;21
1.0;25
1.0;25
1.0;25
1.0;25
0.0;9
0.0;9
1.0;25
1.0;25
1.0;23
1.0;23
1.0;21
1.0;21
1.0;23
1.0;23
1.0;25
1.0;25
1.0;21
1.0;21
1.0;31
1.0;31
1.0;21
1.0;21
1.0;27
1.0;27
1.0;23
1.0;23
1.0;23
1.0;23
1.0;25
1.0;25
1.0;25
1.0;25
1.0;21
1.0;21
1.0;25
1.0;25
1.0;25
1.0;25
1.0;21
1.0;21
1.0;23
1.0;23
1.0;23
1.0;23
1.0;21
1.0;21
1.0;27
1.0;27
1.0;25
1.0;25
1.0;23
1.0;23
1.0;21
1.0;21
1.0;25
1.0;25
1.0;23
1.0;23
1.0;25
1.0;25
1.0;23
1.0;23
1.0;21
1.0;21
1.0;29
1.0;29
1.0;29
1.0;29
1.0;29
1.0;29
1.0;23
1.0;23
1.0;23
1.0;23
1.0;33
1.0;33
1.0;21
1.0;21
1.0;25
1.0;25
1.0;23
1.0;23
1.0;25
1.0;25
1.0;27
1.0;27
1.0;23
1.0;23
1.0;25
1.0;25
1.0;21
1.0;21
1.0;21
1.0;21
1.0;25
1.0;25
1.0;27
1.0;27
1.0;25
1.0;25
1.0;27
1.0;27
1.0;29
1.0;29
1.0;25
1.0;25
1.0;25
1.0;25
1.0;27
1.0;27
1.0;21
1.0;21
1.0;21
1.0;21
1.0;21
1.0;21
1.0;23
1.0;23
1.0;21
1.0;21
1.0;27
1.0;27
1.0;23
1.0;23
1.0;27
1.0;27
1.0;25
1.0;25
1.0;27
1.0;27
1.0;25
1.0;25
1.0;21
1.0;21
1.0;23
1.0;23
1.0;23
1.0;23
1.0;25
1.0;25
1.0;27
1.0;27
1.0;23
1.0;23
1.0;21
1.0;21
1.0;23
1.0;23
1.0;21
1.0;21
1.0;23
1.0;23
1.0;23
1.0;23
1.0;23
1.0;23
1.0;21
1.0;21
1.0;25
1.0;25
1.0;23
1.0;23
1.0;23
1.0;23
1.0;23
1.0;23
1.0;21
1.0;21
1.0;33
1.0;33
1.0;21
1.0;21
1.0;21
1.0;21
1.0;21
1.0;21
1.0;23
1.0;23
1.0;23
1.0;23
1.0;23
1.0;23
1.0;25
1.0;25
1.0;23
1.0;23
1.0;23
1.0;23
1.0;25
1.0;25
1.0;23
1.0;23
1.0;25
1.0;25
1.0;23
1.0;23
1.0;21
1.0;21
1.0;23
1.0;23
1.0;25
1.0;25
1.0;21
1.0;21
1.0;23
1.0;23
1.0;25
1.0;25
1.0;21
1.0;21
1.0;25
1.0;25
1.0;21
1.0;21
1.0;21
1.0;21
1.0;21
1.0;21
1.0;21
1.0;21
1.0;23
1.0;23
1.0;23
1.0;23
1.0;31
1.0;31
1.0;23
1.0;23
1.0;21
1.0;21
1.0;21
1.0;21
1.0;25
1.0;25
1.0;21
1.0;21
1.0;21
1.0;21
1.0;21
1.0;21
1.0;25
1.0;25
1.0;25
1.0;25
1.0;21
1.0;21
1.0;23
1.0;23
1.0;23
1.0;23
1.0;23
1.0;23
1.0;25
1.0;25
1.0;25
1.0;25
1.0;23
1.0;23
0.0;9
0.0;9
1.0;21
1.0;21
1.0;21
1.0;21
1.0;23
1.0;23
1.0;25
1.0;25
1.0;25
1.0;25
1.0;29
1.0;29
1.0;25
1.0;25
1.0;27
1.0;27
1.0;27
1.0;27
1.0;21
1.0;21
1.0;23
1.0;23
1.0;21
1.0;21
1.0;33
1.0;33
1.0;29
1.0;29
1.0;25
1.0;25
1.0;21
1.0;21
1.0;23
1.0;23
1.0;23
1.0;23
1.0;29
1.0;29
1.0;29
1.0;29
1.0;21
1.0;21
1.0;23
1.0;23
1.0;29
1.0;29
1.0;23
1.0;23
1.0;21
1.0;21
1.0;23
1.0;23
1.0;21
1.0;21
1.0;21
1.0;21
1.0;23
1.0;23
1.0;29
1.0;29
1.0;25
1.0;25
1.0;23
1.0;23
1.0;23
1.0;23
1.0;23
1.0;23
1.0;25
1.0;25
1.0;27
1.0;27
1.0;25
1.0;25
1.0;23
1.0;23
1.0;21
1.0;21
1.0;29
1.0;29
1.0;21
1.0;21
1.0;23
1.0;23
1.0;27
1.0;27
1.0;23
1.0;23
1.0;23
1.0;23
1.0;23
1.0;23
1.0;27
1.0;27
1.0;23
1.0;23
1.0;27
1.0;27
1.0;23
1.0;23
1.0;21
1.0;21
1.0;21
1.0;21
1.0;21
1.0;21
1.0;23
1.0;23
1.0;25
1.0;25
1.0;25
1.0;25
1.0;25
1.0;25
1.0;21
1.0;21
1.0;21
1.0;21
1.0;25
1.0;25
1.0;25
1.0;25
1.0;23
1.0;23
1.0;21
1.0;21
1.0;21
1.0;21
1.0;21
1.0;21
1.0;21
1.0;21
1.0;21
1.0;21
1.0;27
1.0;27
1.0;23
1.0;23
1.0;23
1.0;23
1.0;21
1.0;21
1.0;23
1.0;23
0.0;7
0.0;7
1.0;21
1.0;21
1.0;25
1.0;25
1.0;27
1.0;27
1.0;21
1.0;21
1.0;23
1.0;23
1.0;25
1.0;25
1.0;23
1.0;23
1.0;21
1.0;21
1.0;21
1.0;21
1.0;25
1.0;25
1.0;25
1.0;25
1.0;23
1.0;23
1.0;27
1.0;27
1.0;23
1.0;23
1.0;21
1.0;21
1.0;25
1.0;25
1.0;21
1.0;21
1.0;23
1.0;23
1.0;23
1.0;23
1.0;25
1.0;25
1.0;27
1.0;27
1.0;27
1.0;27
1.0;21
1.0;21
1.0;23
1.0;23
1.0;21
1.0;21
1.0;25
1.0;25
1.0;21
1.0;21
1.0;27
1.0;27
1.0;23
1.0;23
1.0;23
1.0;23
1.0;21
1.0;21
1.0;21
1.0;21
0.0;7
0.0;7
1.0;25
1.0;25
1.0;25
1.0;25
1.0;23
1.0;23
1.0;21
1.0;21
1.0;23
1.0;23
1.0;21
1.0;21
1.0;27
1.0;27
1.0;23
1.0;23
1.0;25
1.0;25
1.0;25
1.0;25
1.0;25
1.0;25
1.0;27
1.0;27
1.0;21
1.0;21
1.0;25
1.0;25
1.0;27
1.0;27
1.0;25
1.0;25
1.0;21
1.0;21
1.0;23
1.0;23
1.0;21
1.0;21
1.0;23
1.0;23
1.0;21
1.0;21
1.0;25
1.0;25
1.0;23
1.0;23
1.0;29
1.0;29
1.0;23
1.0;23
1.0;23
1.0;23
1.0;21
1.0;21
1.0;23
1.0;23
1.0;23
1.0;23
1.0;27
1.0;27
1.0;23
1.0;23
1.0;25
1.0;25
1.0;21
1.0;21
1.0;23
1.0;23
1.0;23
1.0;23
1.0;21
1.0;21
1.0;23
1.0;23
1.0;23
1.0;23
1.0;21
1.0;21
1.0;29
1.0;29
1.0;23
1.0;23
1.0;23
1.0;23
1.0;29
1.0;29
1.0;25
1.0;25
0.0;9
0.0;9
1.0;25
1.0;25
1.0;27
1.0;27
1.0;21
1.0;21
1.0;23
1.0;23
1.0;27
1.0;27
1.0;23
1.0;23
1.0;27
1.0;27
1.0;25
1.0;25
1.0;25
1.0;25
1.0;27
1.0;27
1.0;23
1.0;23
1.0;25
1.0;25
1.0;21
1.0;21
1.0;21
1.0;21
1.0;25
1.0;25
1.0;29
1.0;29
1.0;29
1.0;29
1.0;21
1.0;21
1.0;21
1.0;21
1.0;23
1.0;23
1.0;25
1.0;25
1.0;21
1.0;21
1.0;31
1.0;31
1.0;21
1.0;21
1.0;29
1.0;29
1.0;21
1.0;21
1.0;25
1.0;25
1.0;21
1.0;21
1.0;25
1.0;25
1.0;27
1.0;27
1.0;25
1.0;25
0.0;9
0.0;9
1.0;23
1.0;23
1.0;25
1.0;25
1.0;21
1.0;21
1.0;25
1.0;25
1.0;29
1.0;29
1.0;25
1.0;25
1.0;23
1.0;23
1.0;27
1.0;27
1.0;21
1.0;21
1.0;21
1.0;21
1.0;23
1.0;23
1.0;29
1.0;29
1.0;23
1.0;23
1.0;21
1.0;21
1.0;23
1.0;23
1.0;25
1.0;25
1.0;25
1.0;25
1.0;21
1.0;21
1.0;25
1.0;25
1.0;29
1.0;29
1.0;21
1.0;21
1.0;21
1.0;21
1.0;21
1.0;21
1.0;21
1.0;21
1.0;25
1.0;25
1.0;23
1.0;23
1.0;23
1.0;23
1.0;21
1.0;21
1.0;21
1.0;21
1.0;23
1.0;23
1.0;25
1.0;25
0.0;7
0.0;7
1.0;21
1.0;21
1.0;21
1.0;21
1.0;23
1.0;23
0.0;7
0.0;7
1.0;23
1.0;23
1.0;27
1.0;27
1.0;25
1.0;25
1.0;23
1.0;23
1.0;23
1.0;23
1.0;25
1.0;25
1.0;23
1.0;23
1.0;31
1.0;31
1.0;21
1.0;21
1.0;29
1.0;29
1.0;25
1.0;25
1.0;21
1.0;21
1.0;25
1.0;25
1.0;23
1.0;23
0.0;7
0.0;7
1.0;27
1.0;27
1.0;23
1.0;23
1.0;27
1.0;27
1.0;21
1.0;21
1.0;25
1.0;25
1.0;21
1.0;21
1.0;23
1.0;23
1.0;25
1.0;25
1.0;25
1.0;25
1.0;27
1.0;27
1.0;25
1.0;25
1.0;21
1.0;21
1.0;21
1.0;21
1.0;27
1.0;27
1.0;29
1.0;29
1.0;21
1.0;21
1.0;25
1.0;25
1.0;25
1.0;25
0.0;11
0.0;11
1.0;21
1.0;21
1.0;21
1.0;21
1.0;27
1.0;27
1.0;33
1.0;33
1.0;21
1.0;21
1.0;21
1.0;21
1.0;31
1.0;31
0.0;11
0.0;11
1.0;21
1.0;21
1.0;23
1.0;23
1.0;23
1.0;23
1.0;21
1.0;21
1.0;23
1.0;23
1.0;23
1.0;23
1.0;21
1.0;21
1.0;23
1.0;23
1.0;29
1.0;29
1.0;31
1.0;31
1.0;25
1.0;25
1.0;23
1.0;23
1.0;27
1.0;27
1.0;23
1.0;23
1.0;27
1.0;27
1.0;25
1.0;25
1.0;21
1.0;21
1.0;25
1.0;25
1.0;23
1.0;23
1.0;21
1.0;21
1.0;23
1.0;23
1.0;23
1.0;23
1.0;25
1.0;25
1.0;25
1.0;25
1.0;21
1.0;21
1.0;33
1.0;33
1.0;29
1.0;29
1.0;25
1.0;25
1.0;21
1.0;21
1.0;27
1.0;27
1.0;29
1.0;29
0.0;9
0.0;9
1.0;27
1.0;27
1.0;21
1.0;21
1.0;23
1.0;23
0.0;9
0.0;9
1.0;23
1.0;23
0.0;7
0.0;7
1.0;25
1.0;25
1.0;25
1.0;25
1.0;23
1.0;23
1.0;21
1.0;21
1.0;23
1.0;23
1.0;21
1.0;21
1.0;23
1.0;23
1.0;23
1.0;23
1.0;21
1.0;21
1.0;25
1.0;25
1.0;25
1.0;25
1.0;31
1.0;31
1.0;27
1.0;27
1.0;23
1.0;23
1.0;21
1.0;21
1.0;29
1.0;29
1.0;21
1.0;21
1.0;23
1.0;23
1.0;25
1.0;25
1.0;23
1.0;23
0.0;7
0.0;7
1.0;27
1.0;27
0.0;7
0.0;7
1.0;23
1.0;23
1.0;25
1.0;25
1.0;25
1.0;25
1.0;25
1.0;25
1.0;23
1.0;23
1.0;21
1.0;21
1.0;21
1.0;21
1.0;21
1.0;21
1.0;29
1.0;29
1.0;23
1.0;23
1.0;27
1.0;27
1.0;23
1.0;23
1.0;27
1.0;27
1.0;27
1.0;27
1.0;23
1.0;23
1.0;21
1.0;21
1.0;21
1.0;21
1.0;23
1.0;23
1.0;21
1.0;21
1.0;21
1.0;21
1.0;27
1.0;27
1.0;29
1.0;29
1.0;23
1.0;23
1.0;21
1.0;21
1.0;21
1.0;21
1.0;27
1.0;27
1.0;21
1.0;21
1.0;21
1.0;21
1.0;23
1.0;23
1.0;21
1.0;21
1.0;31
1.0;31
1.0;21
1.0;21
1.0;25
1.0;25
0.0;7
0.0;7
1.0;21
1.0;21
1.0;21
1.0;21
1.0;23
1.0;23
1.0;23
1.0;23
1.0;21
1.0;21
1.0;23
1.0;23
1.0;21
1.0;21
1.0;23
1.0;23
1.0;23
1.0;23
1.0;25
1.0;25
0.0;7
0.0;7
0.0;7
0.0;7
1.0;21
1.0;21
1.0;29
1.0;29
1.0;25
1.0;25
1.0;27
1.0;27
1.0;29
1.0;29
1.0;21
1.0;21
1.0;21
1.0;21
1.0;25
1.0;25
1.0;21
1.0;21
1.0;25
1.0;25
1.0;21
1.0;21
1.0;23
1.0;23
1.0;29
1.0;29
1.0;23
1.0;23
1.0;23
1.0;23
1.0;29
1.0;29
1.0;23
1.0;23
1.0;23
1.0;23
1.0;33
1.0;33
1.0;21
1.0;21
1.0;21
1.0;21
1.0;21
1.0;21
1.0;21
1.0;21
1.0;27
1.0;27
1.0;27
1.0;27
1.0;25
1.0;25
1.0;29
1.0;29
1.0;25
1.0;25
1.0;21
1.0;21
1.0;27
1.0;27
1.0;23
1.0;23
1.0;23
1.0;23
1.0;25
1.0;25
1.0;54
1.0;54
0.0;7
0.0;7
1.0;25
1.0;25
1.0;23
1.0;23
1.0;29
1.0;29
1.0;25
1.0;25
1.0;21
1.0;21
1.0;23
1.0;23
1.0;21
1.0;21
1.0;21
1.0;21
1.0;23
1.0;23
1.0;27
1.0;27
1.0;23
1.0;23
1.0;21
1.0;21
1.0;27
1.0;27
1.0;23
1.0;23
1.0;25
1.0;25
1.0;25
1.0;25
1.0;27
1.0;27
1.0;23
1.0;23
1.0;31
1.0;31
0.0;11
0.0;11
1.0;27
1.0;27
1.0;23
1.0;23
1.0;21
1.0;21
1.0;23
1.0;23
1.0;21
1.0;21
1.0;23
1.0;23
1.0;25
1.0;25
1.0;27
1.0;27
1.0;27
1.0;27
1.0;23
1.0;23
1.0;23
1.0;23
1.0;29
1.0;29
1.0;23
1.0;23
1.0;25
1.0;25
1.0;27
1.0;27
1.0;27
1.0;27
1.0;23
1.0;23
1.0;21
1.0;21
1.0;23
1.0;23
1.0;25
1.0;25
1.0;25
1.0;25
1.0;21
1.0;21
1.0;23
1.0;23
1.0;21
1.0;21
1.0;27
1.0;27
1.0;21
1.0;21
1.0;25
1.0;25
1.0;23
1.0;23
1.0;25
1.0;25
1.0;23
1.0;23
1.0;25
1.0;25
1.0;25
1.0;25
1.0;31
1.0;31
1.0;29
1.0;29
1.0;25
1.0;25
1.0;27
1.0;27
1.0;25
1.0;25
1.0;23
1.0;23
1.0;31
1.0;31
1.0;23
1.0;23
1.0;23
1.0;23
1.0;23
1.0;23
1.0;23
1.0;23
1.0;21
1.0;21
1.0;23
1.0;23
1.0;21
1.0;21
1.0;21
1.0;21
1.0;21
1.0;21
1.0;29
1.0;29
1.0;29
1.0;29
1.0;21
1.0;21
1.0;23
1.0;23
1.0;25
1.0;25
1.0;23
1.0;23
1.0;21
1.0;21
1.0;25
1.0;25
1.0;23
1.0;23
1.0;21
1.0;21
1.0;27
1.0;27
0.0;9
0.0;9
1.0;27
1.0;27
1.0;23
1.0;23
0.0;9
0.0;9
1.0;21
1.0;21
1.0;21
1.0;21
1.0;27
1.0;27
1.0;25
1.0;25
1.0;21
1.0;21
0.0;7
0.0;7
1.0;25
1.0;25
1.0;21
1.0;21
1.0;21
1.0;21
1.0;23
1.0;23
1.0;25
1.0;25
1.0;21
1.0;21
1.0;25
1.0;25
1.0;27
1.0;27
1.0;25
1.0;25
1.0;27
1.0;27
1.0;27
1.0;27
1.0;21
1.0;21
0.0;9
0.0;9
1.0;27
1.0;27
1.0;27
1.0;27
1.0;29
1.0;29
1.0;21
1.0;21
1.0;25
1.0;25
1.0;21
1.0;21
1.0;25
1.0;25
1.0;23
1.0;23
1.0;25
1.0;25
1.0;21
1.0;21
1.0;27
1.0;27
1.0;25
1.0;25
1.0;23
1.0;23
1.0;25
1.0;25
1.0;21
1.0;21
1.0;23
1.0;23
1.0;21
1.0;21
1.0;23
1.0;23
1.0;23
1.0;23
1.0;21
1.0;21
1.0;29
1.0;29
1.0;23
1.0;23
1.0;23
1.0;23
1.0;31
1.0;31
1.0;25
1.0;25
0.0;7
0.0;7
1.0;25
1.0;25
1.0;23
1.0;23
1.0;23
1.0;23
1.0;23
1.0;23
1.0;27
1.0;27
1.0;25
1.0;25
1.0;25
1.0;25
1.0;23
1.0;23
1.0;27
1.0;27
1.0;21
1.0;21
1.0;25
1.0;25
1.0;23
1.0;23
1.0;29
1.0;29
1.0;27
1.0;27
1.0;31
1.0;31
1.0;29
1.0;29
1.0;25
1.0;25
1.0;25
1.0;25
1.0;23
1.0;23
1.0;23
1.0;23
1.0;23
1.0;23
1.0;21
1.0;21
1.0;29
1.0;29
1.0;25
1.0;25
1.0;25
1.0;25
1.0;25
1.0;25
1.0;25
1.0;25
1.0;27
1.0;27
1.0;25
1.0;25
1.0;21
1.0;21
1.0;25
1.0;25
1.0;21
1.0;21
1.0;23
1.0;23
1.0;21
1.0;21
1.0;25
1.0;25
1.0;29
1.0;29
1.0;21
1.0;21
1.0;21
1.0;21
1.0;27
1.0;27
1.0;25
1.0;25
1.0;23
1.0;23
1.0;23
1.0;23
1.0;29
1.0;29
1.0;25
1.0;25
1.0;21
1.0;21
1.0;27
1.0;27
1.0;25
1.0;25
1.0;25
1.0;25
1.0;27
1.0;27
1.0;21
1.0;21
1.0;23
1.0;23
1.0;25
1.0;25
0.0;7
0.0;7
1.0;25
1.0;25
1.0;23
1.0;23
1.0;21
1.0;21
1.0;25
1.0;25
1.0;21
1.0;21
1.0;25
1.0;25
1.0;21
1.0;21
1.0;23
1.0;23
1.0;21
1.0;21
1.0;27
1.0;27
1.0;29
1.0;29
1.0;21
1.0;21
1.0;23
1.0;23
1.0;27
1.0;27
1.0;23
1.0;23
1.0;23
1.0;23
1.0;23
1.0;23
1.0;29
1.0;29
1.0;25
1.0;25
1.0;23
1.0;23
1.0;25
1.0;25
1.0;21
1.0;21
1.0;21
1.0;21
1.0;27
1.0;27
0.0;7
0.0;7
1.0;25
1.0;25
1.0;21
1.0;21
1.0;21
1.0;21
1.0;23
1.0;23
1.0;21
1.0;21
1.0;21
1.0;21
1.0;21
1.0;21
1.0;27
1.0;27
1.0;21
1.0;21
1.0;25
1.0;25
1.0;23
1.0;23
1.0;21
1.0;21
1.0;25
1.0;25
1.0;25
1.0;25
1.0;21
1.0;21
1.0;25
1.0;25
1.0;23
1.0;23
1.0;21
1.0;21
1.0;21
1.0;21
1.0;23
1.0;23
1.0;21
1.0;21
1.0;27
1.0;27
1.0;25
1.0;25
0.0;11
0.0;11
1.0;25
1.0;25
1.0;21
1.0;21
1.0;23
1.0;23
1.0;23
1.0;23
1.0;25
1.0;25
1.0;27
1.0;27
1.0;23
1.0;23
1.0;21
1.0;21
1.0;25
1.0;25
1.0;23
1.0;23
1.0;21
1.0;21
1.0;25
1.0;25
1.0;21
1.0;21
1.0;25
1.0;25
1.0;25
1.0;25
1.0;21
1.0;21
1.0;21
1.0;21
1.0;27
1.0;27
1.0;21
1.0;21
1.0;25
1.0;25
1.0;25
1.0;25
1.0;27
1.0;27
1.0;21
1.0;21
1.0;23
1.0;23
1.0;25
1.0;25
1.0;27
1.0;27
1.0;27
1.0;27
1.0;27
1.0;27
1.0;27
1.0;27
1.0;29
1.0;29
1.0;33
1.0;33
0.0;9
0.0;9
1.0;21
1.0;21
1.0;21
1.0;21
1.0;27
1.0;27
1.0;21
1.0;21
1.0;25
1.0;25
1.0;21
1.0;21
1.0;25
1.0;25
1.0;21
1.0;21
1.0;23
1.0;23
1.0;23
1.0;23
1.0;25
1.0;25
1.0;23
1.0;23
1.0;23
1.0;23
1.0;23
1.0;23
1.0;31
1.0;31
1.0;21
1.0;21
1.0;27
1.0;27
1.0;23
1.0;23
1.0;27
1.0;27
1.0;23
1.0;23
1.0;21
1.0;21
1.0;23
1.0;23
1.0;27
1.0;27
1.0;31
1.0;31
1.0;25
1.0;25
1.0;27
1.0;27
1.0;29
1.0;29
1.0;27
1.0;27
1.0;21
1.0;21
1.0;23
1.0;23
1.0;29
1.0;29
1.0;29
1.0;29
1.0;25
1.0;25
0.0;9
0.0;9
1.0;23
1.0;23
1.0;23
1.0;23
1.0;21
1.0;21
1.0;25
1.0;25
1.0;21
1.0;21
1.0;21
1.0;21
0.0;7
0.0;7
1.0;29
1.0;29
1.0;23
1.0;23
1.0;23
1.0;23
1.0;21
1.0;21
1.0;21
1.0;21
1.0;23
1.0;23
1.0;25
1.0;25
1.0;21
1.0;21
1.0;23
1.0;23
1.0;23
1.0;23
1.0;23
1.0;23
1.0;21
1.0;21
0.0;9
0.0;9
1.0;29
1.0;29
1.0;23
1.0;23
1.0;21
1.0;21
1.0;23
1.0;23
1.0;21
1.0;21
1.0;23
1.0;23
1.0;21
1.0;21
1.0;31
1.0;31
1.0;21
1.0;21
1.0;25
1.0;25
1.0;21
1.0;21
1.0;27
1.0;27
1.0;21
1.0;21
0.0;15
0.0;15
1.0;27
1.0;27
1.0;23
1.0;23
1.0;21
1.0;21
1.0;23
1.0;23
1.0;25
1.0;25
1.0;21
1.0;21
0.0;13
0.0;13
1.0;21
1.0;21
1.0;25
1.0;25
1.0;21
1.0;21
1.0;25
1.0;25
1.0;27
1.0;27
1.0;25
1.0;25
1.0;23
1.0;23
1.0;27
1.0;27
1.0;29
1.0;29
1.0;21
1.0;21
1.0;27
1.0;27
1.0;23
1.0;23
1.0;23
1.0;23
1.0;27
1.0;27
1.0;29
1.0;29
1.0;21
1.0;21
1.0;31
1.0;31
1.0;23
1.0;23
1.0;23
1.0;23
1.0;25
1.0;25
1.0;31
1.0;31
1.0;23
1.0;23
1.0;27
1.0;27
1.0;27
1.0;27
1.0;21
1.0;21
1.0;23
1.0;23
1.0;25
1.0;25
1.0;23
1.0;23
1.0;23
1.0;23
1.0;23
1.0;23
1.0;21
1.0;21
1.0;25
1.0;25
1.0;23
1.0;23
1.0;25
1.0;25
1.0;29
1.0;29
1.0;23
1.0;23
1.0;29
1.0;29
1.0;25
1.0;25
1.0;21
1.0;21
0.0;7
0.0;7
1.0;21
1.0;21
0.0;7
0.0;7
1.0;21
1.0;21
1.0;31
1.0;31
1.0;23
1.0;23
1.0;23
1.0;23
1.0;25
1.0;25
1.0;21
1.0;21
1.0;21
1.0;21
1.0;25
1.0;25
1.0;29
1.0;29
1.0;21
1.0;21
1.0;25
1.0;25
1.0;23
1.0;23
1.0;23
1.0;23
1.0;21
1.0;21
1.0;29
1.0;29
1.0;23
1.0;23
1.0;23
1.0;23
1.0;25
1.0;25
1.0;25
1.0;25
1.0;23
1.0;23
1.0;25
1.0;25
1.0;21
1.0;21
1.0;23
1.0;23
1.0;23
1.0;23
1.0;23
1.0;23
1.0;21
1.0;21
1.0;25
1.0;25
1.0;21
1.0;21
1.0;21
1.0;21
1.0;23
1.0;23
1.0;21
1.0;21
1.0;23
1.0;23
1.0;25
1.0;25
1.0;21
1.0;21
1.0;23
1.0;23
1.0;21
1.0;21
1.0;27
1.0;27
1.0;27
1.0;27
1.0;23
1.0;23
1.0;25
1.0;25
1.0;23
1.0;23
1.0;21
1.0;21
0.0;7
0.0;7
1.0;21
1.0;21
1.0;23
1.0;23
1.0;21
1.0;21
1.0;23
1.0;23
1.0;21
1.0;21
1.0;25
1.0;25
0.0;9
0.0;9
1.0;21
1.0;21
1.0;25
1.0;25
1.0;21
1.0;21
0.0;9
0.0;9
1.0;23
1.0;23
1.0;21
1.0;21
1.0;31
1.0;31
1.0;23
1.0;23
1.0;21
1.0;21
1.0;21
1.0;21
0.0;7
0.0;7
1.0;21
1.0;21
1.0;23
1.0;23
1.0;25
1.0;25
0.0;7
0.0;7
1.0;27
1.0;27
1.0;23
1.0;23
1.0;25
1.0;25
1.0;27
1.0;27
1.0;21
1.0;21
0.0;9
0.0;9
1.0;21
1.0;21
1.0;25
1.0;25
1.0;21
1.0;21
1.0;27
1.0;27
1.0;23
1.0;23
1.0;27
1.0;27
1.0;31
1.0;31
1.0;29
1.0;29
1.0;21
1.0;21
1.0;21
1.0;21
1.0;21
1.0;21
0.0;7
0.0;7
1.0;29
1.0;29
1.0;21
1.0;21
1.0;23
1.0;23
1.0;21
1.0;21
0.0;9
0.0;9
1.0;25
1.0;25
1.0;23
1.0;23
1.0;29
1.0;29
1.0;25
1.0;25
1.0;23
1.0;23
1.0;23
1.0;23
1.0;23
1.0;23
1.0;23
1.0;23
1.0;23
1.0;23
1.0;31
1.0;31
1.0;25
1.0;25
1.0;25
1.0;25
1.0;23
1.0;23
1.0;23
1.0;23
1.0;21
1.0;21
1.0;23
1.0;23
1.0;23
1.0;23
1.0;29
1.0;29
0.0;7
0.0;7
1.0;21
1.0;21
1.0;21
1.0;21
1.0;23
1.0;23
1.0;23
1.0;23
1.0;23
1.0;23
1.0;23
1.0;23
1.0;21
1.0;21
1.0;25
1.0;25
1.0;27
1.0;27
1.0;23
1.0;23
1.0;21
1.0;21
1.0;21
1.0;21
1.0;23
1.0;23
1.0;23
1.0;23
1.0;25
1.0;25
1.0;25
1.0;25
1.0;23
1.0;23
1.0;21
1.0;21
1.0;29
1.0;29
1.0;23
1.0;23
1.0;29
1.0;29
1.0;29
1.0;29
1.0;23
1.0;23
1.0;27
1.0;27
1.0;23
1.0;23
1.0;21
1.0;21
1.0;25
1.0;25
1.0;25
1.0;25
1.0;27
1.0;27
1.0;23
1.0;23
1.0;33
1.0;33
1.0;21
1.0;21
1.0;29
1.0;29
1.0;21
1.0;21
1.0;25
1.0;25
1.0;25
1.0;25
1.0;25
1.0;25
1.0;27
1.0;27
1.0;27
1.0;27
1.0;21
1.0;21
1.0;27
1.0;27
1.0;21
1.0;21
1.0;23
1.0;23
1.0;23
1.0;23
1.0;25
1.0;25
0.0;9
0.0;9
1.0;23
1.0;23
1.0;21
1.0;21
1.0;21
1.0;21
1.0;25
1.0;25
1.0;21
1.0;21
1.0;21
1.0;21
1.0;21
1.0;21
1.0;25
1.0;25
1.0;21
1.0;21
1.0;23
1.0;23
1.0;23
1.0;23
1.0;21
1.0;21
1.0;23
1.0;23
1.0;23
1.0;23
1.0;31
1.0;31
1.0;29
1.0;29
1.0;21
1.0;21
1.0;21
1.0;21
1.0;23
1.0;23
1.0;21
1.0;21
1.0;23
1.0;23
1.0;23
1.0;23
0.0;11
0.0;11
1.0;25
1.0;25
1.0;21
1.0;21
1.0;21
1.0;21
1.0;27
1.0;27
1.0;23
1.0;23
1.0;21
1.0;21
1.0;27
1.0;27
1.0;23
1.0;23
1.0;35
1.0;35
1.0;21
1.0;21
1.0;25
1.0;25
1.0;23
1.0;23
1.0;25
1.0;25
1.0;25
1.0;25
0.0;7
0.0;7
1.0;25
1.0;25
1.0;23
1.0;23
1.0;23
1.0;23
1.0;23
1.0;23
1.0;29
1.0;29
1.0;23
1.0;23
0.0;7
0.0;7
1.0;23
1.0;23
1.0;31
1.0;31
0.0;7
0.0;7
1.0;27
1.0;27
1.0;27
1.0;27
1.0;23
1.0;23
1.0;27
1.0;27
1.0;23
1.0;23
1.0;21
1.0;21
1.0;25
1.0;25
0.0;13
0.0;13
1.0;21
1.0;21
1.0;29
1.0;29
1.0;29
1.0;29
1.0;21
1.0;21
0.0;11
0.0;11
1.0;23
1.0;23
1.0;21
1.0;21
1.0;21
1.0;21
1.0;21
1.0;21
1.0;25
1.0;25
1.0;21
1.0;21
0.0;7
0.0;7
1.0;21
1.0;21
1.0;23
1.0;23
1.0;27
1.0;27
1.0;21
1.0;21
1.0;23
1.0;23
1.0;23
1.0;23
1.0;25
1.0;25
1.0;21
1.0;21
1.0;33
1.0;33
1.0;25
1.0;25
1.0;23
1.0;23
1.0;23
1.0;23
1.0;23
1.0;23
1.0;23
1.0;23
1.0;27
1.0;27
1.0;21
1.0;21
1.0;21
1.0;21
1.0;25
1.0;25
1.0;27
1.0;27
1.0;25
1.0;25
1.0;23
1.0;23
1.0;25
1.0;25
1.0;25
1.0;25
1.0;23
1.0;23
1.0;23
1.0;23
1.0;29
1.0;29
1.0;33
1.0;33
1.0;29
1.0;29
0.0;7
0.0;7
1.0;23
1.0;23
1.0;23
1.0;23
1.0;23
1.0;23
1.0;21
1.0;21
1.0;21
1.0;21
1.0;23
1.0;23
1.0;23
1.0;23
1.0;25
1.0;25
1.0;23
1.0;23
1.0;21
1.0;21
1.0;25
1.0;25
1.0;23
1.0;23
1.0;25
1.0;25
1.0;23
1.0;23
1.0;21
1.0;21
1.0;23
1.0;23
1.0;37
1.0;37
1.0;27
1.0;27
1.0;25
1.0;25
1.0;23
1.0;23
1.0;27
1.0;27
1.0;25
1.0;25
1.0;25
1.0;25
1.0;27
1.0;27
0.0;7
0.0;7
0.0;7
0.0;7
1.0;21
1.0;21
1.0;25
1.0;25
1.0;21
1.0;21
1.0;21
1.0;21
1.0;27
1.0;27
1.0;23
1.0;23
1.0;21
1.0;21
1.0;25
1.0;25
1.0;21
1.0;21
1.0;27
1.0;27
1.0;21
1.0;21
1.0;23
1.0;23
1.0;21
1.0;21
1.0;21
1.0;21
1.0;27
1.0;27
1.0;35
1.0;35
1.0;27
1.0;27
1.0;23
1.0;23
1.0;23
1.0;23
1.0;25
1.0;25
1.0;27
1.0;27
1.0;21
1.0;21
1.0;23
1.0;23
1.0;29
1.0;29
1.0;21
1.0;21
1.0;25
1.0;25
1.0;23
1.0;23
1.0;21
1.0;21
1.0;25
1.0;25
1.0;27
1.0;27
1.0;27
1.0;27
1.0;21
1.0;21
1.0;23
1.0;23
1.0;25
1.0;25
1.0;21
1.0;21
1.0;29
1.0;29
1.0;27
1.0;27
1.0;23
1.0;23
1.0;21
1.0;21
1.0;27
1.0;27
1.0;29
1.0;29
1.0;23
1.0;23
1.0;29
1.0;29
1.0;21
1.0;21
1.0;23
1.0;23
1.0;21
1.0;21
1.0;27
1.0;27
1.0;21
1.0;21
1.0;21
1.0;21
1.0;29
1.0;29
1.0;23
1.0;23
1.0;21
1.0;21
1.0;25
1.0;25
1.0;21
1.0;21
1.0;23
1.0;23
1.0;23
1.0;23
1.0;29
1.0;29
1.0;21
1.0;21
1.0;21
1.0;21
1.0;25
1.0;25
1.0;21
1.0;21
1.0;27
1.0;27
1.0;25
1.0;25
1.0;21
1.0;21
1.0;21
1.0;21
1.0;23
1.0;23
0.0;11
0.0;11
1.0;33
1.0;33
1.0;23
1.0;23
1.0;23
1.0;23
1.0;25
1.0;25
1.0;23
1.0;23
1.0;23
1.0;23
1.0;23
1.0;23
1.0;29
1.0;29
1.0;31
1.0;31
1.0;33
1.0;33
1.0;21
1.0;21
1.0;21
1.0;21
0.0;7
0.0;7
1.0;27
1.0;27
1.0;25
1.0;25
1.0;23
1.0;23
1.0;23
1.0;23
1.0;23
1.0;23
1.0;23
1.0;23
1.0;23
1.0;23
1.0;29
1.0;29
1.0;21
1.0;21
1.0;23
1.0;23
1.0;21
1.0;21
1.0;23
1.0;23
0.0;7
0.0;7
1.0;23
1.0;23
1.0;29
1.0;29
1.0;21
1.0;21
1.0;23
1.0;23
1.0;21
1.0;21
1.0;25
1.0;25
1.0;25
1.0;25
1.0;27
1.0;27
1.0;25
1.0;25
1.0;21
1.0;21
1.0;21
1.0;21
1.0;25
1.0;25
1.0;25
1.0;25
1.0;27
1.0;27
1.0;21
1.0;21
1.0;25
1.0;25
1.0;27
1.0;27
1.0;23
1.0;23
0.0;7
0.0;7
1.0;21
1.0;21
1.0;21
1.0;21
1.0;23
1.0;23
1.0;21
1.0;21
1.0;25
1.0;25
1.0;31
1.0;31
1.0;23
1.0;23
1.0;27
1.0;27
1.0;21
1.0;21
1.0;23
1.0;23
0.0;11
0.0;11
1.0;21
1.0;21
1.0;25
1.0;25
1.0;23
1.0;23
1.0;21
1.0;21
1.0;23
1.0;23
1.0;27
1.0;27
1.0;23
1.0;23
1.0;31
1.0;31
1.0;23
1.0;23
1.0;21
1.0;21
1.0;27
1.0;27
1.0;29
1.0;29
1.0;23
1.0;23
0.0;9
0.0;9
1.0;21
1.0;21
1.0;23
1.0;23
1.0;29
1.0;29
1.0;23
1.0;23
1.0;23
1.0;23
1.0;25
1.0;25
1.0;29
1.0;29
1.0;21
1.0;21
1.0;21
1.0;21
1.0;29
1.0;29
1.0;21
1.0;21
1.0;23
1.0;23
1.0;23
1.0;23
1.0;23
1.0;23
1.0;21
1.0;21
1.0;21
1.0;21
1.0;25
1.0;25
1.0;29
1.0;29
1.0;25
1.0;25
1.0;25
1.0;25
1.0;25
1.0;25
1.0;23
1.0;23
1.0;31
1.0;31
1.0;25
1.0;25
1.0;23
1.0;23
1.0;23
1.0;23
1.0;21
1.0;21
1.0;23
1.0;23
1.0;21
1.0;21
1.0;23
1.0;23
1.0;21
1.0;21
1.0;23
1.0;23
1.0;21
1.0;21
1.0;21
1.0;21
0.0;7
0.0;7
1.0;25
1.0;25
1.0;27
1.0;27
1.0;27
1.0;27
1.0;27
1.0;27
1.0;21
1.0;21
1.0;27
1.0;27
0.0;7
0.0;7
1.0;25
1.0;25
1.0;21
1.0;21
1.0;25
1.0;25
1.0;23
1.0;23
1.0;23
1.0;23
1.0;21
1.0;21
1.0;25
1.0;25
1.0;27
1.0;27
1.0;25
1.0;25
1.0;25
1.0;25
1.0;23
1.0;23
1.0;23
1.0;23
1.0;27
1.0;27
1.0;25
1.0;25
1.0;27
1.0;27
1.0;21
1.0;21
1.0;21
1.0;21
1.0;23
1.0;23
1.0;21
1.0;21
1.0;25
1.0;25
1.0;21
1.0;21
1.0;21
1.0;21
1.0;23
1.0;23
1.0;23
1.0;23
1.0;21
1.0;21
1.0;21
1.0;21
1.0;23
1.0;23
1.0;23
1.0;23
1.0;25
1.0;25
0.0;7
0.0;7
1.0;21
1.0;21
1.0;25
1.0;25
1.0;27
1.0;27
1.0;23
1.0;23
1.0;23
1.0;23
1.0;27
1.0;27
1.0;21
1.0;21
1.0;25
1.0;25
1.0;23
1.0;23
1.0;21
1.0;21
1.0;25
1.0;25
1.0;21
1.0;21
1.0;21
1.0;21
1.0;25
1.0;25
1.0;21
1.0;21
1.0;29
1.0;29
1.0;21
1.0;21
1.0;25
1.0;25
1.0;33
1.0;33
1.0;23
1.0;23
1.0;23
1.0;23
1.0;25
1.0;25
1.0;23
1.0;23
1.0;25
1.0;25
1.0;25
1.0;25
1.0;27
1.0;27
1.0;25
1.0;25
1.0;31
1.0;31
1.0;25
1.0;25
1.0;23
1.0;23
1.0;21
1.0;21
1.0;25
1.0;25
1.0;23
1.0;23
1.0;23
1.0;23
1.0;21
1.0;21
1.0;21
1.0;21
1.0;21
1.0;21
1.0;21
1.0;21
1.0;21
1.0;21
1.0;21
1.0;21
1.0;23
1.0;23
1.0;23
1.0;23
1.0;23
1.0;23
1.0;23
1.0;23
1.0;31
1.0;31
1.0;21
1.0;21
1.0;27
1.0;27
0.0;7
0.0;7
1.0;29
1.0;29
1.0;21
1.0;21
1.0;25
1.0;25
1.0;21
1.0;21
1.0;27
1.0;27
1.0;25
1.0;25
1.0;25
1.0;25
1.0;25
1.0;25
0.0;9
0.0;9
1.0;23
1.0;23
1.0;27
1.0;27
0.0;9
0.0;9
1.0;27
1.0;27
0.0;9
0.0;9
1.0;21
1.0;21
1.0;21
1.0;21
1.0;25
1.0;25
1.0;25
1.0;25
1.0;21
1.0;21
1.0;23
1.0;23
1.0;21
1.0;21
1.0;23
1.0;23
1.0;23
1.0;23
1.0;25
1.0;25
0.0;7
0.0;7
1.0;21
1.0;21
1.0;23
1.0;23
1.0;25
1.0;25
1.0;25
1.0;25
1.0;25
1.0;25
1.0;29
1.0;29
1.0;25
1.0;25
1.0;25
1.0;25
1.0;23
1.0;23
1.0;21
1.0;21
1.0;23
1.0;23
1.0;21
1.0;21
1.0;23
1.0;23
1.0;21
1.0;21
0.0;9
0.0;9
1.0;25
1.0;25
1.0;25
1.0;25
1.0;21
1.0;21
1.0;25
1.0;25
1.0;25
1.0;25
1.0;21
1.0;21
1.0;27
1.0;27
1.0;23
1.0;23
1.0;23
1.0;23
1.0;23
1.0;23
1.0;21
1.0;21
1.0;21
1.0;21
1.0;23
1.0;23
1.0;23
1.0;23
1.0;23
1.0;23
1.0;23
1.0;23
1.0;23
1.0;23
0.0;7
0.0;7
1.0;21
1.0;21
1.0;25
1.0;25
1.0;29
1.0;29
1.0;21
1.0;21
1.0;21
1.0;21
1.0;23
1.0;23
1.0;21
1.0;21
1.0;21
1.0;21
1.0;21
1.0;21
1.0;21
1.0;21
1.0;23
1.0;23
1.0;21
1.0;21
1.0;21
1.0;21
1.0;27
1.0;27
1.0;31
1.0;31
1.0;27
1.0;27
0.0;7
0.0;7
1.0;27
1.0;27
1.0;23
1.0;23
1.0;27
1.0;27
1.0;25
1.0;25
1.0;21
1.0;21
1.0;25
1.0;25
1.0;23
1.0;23
1.0;27
1.0;27
1.0;21
1.0;21
1.0;23
1.0;23
1.0;21
1.0;21
1.0;21
1.0;21
1.0;21
1.0;21
1.0;25
1.0;25
1.0;21
1.0;21
1.0;25
1.0;25
1.0;27
1.0;27
1.0;29
1.0;29
1.0;27
1.0;27
1.0;25
1.0;25
1.0;23
1.0;23
1.0;21
1.0;21
1.0;27
1.0;27
1.0;23
1.0;23
1.0;21
1.0;21
1.0;23
1.0;23
1.0;23
1.0;23
1.0;25
1.0;25
1.0;23
1.0;23
1.0;27
1.0;27
1.0;23
1.0;23
1.0;23
1.0;23
1.0;23
1.0;23
1.0;23
1.0;23
1.0;21
1.0;21
1.0;21
1.0;21
1.0;27
1.0;27
1.0;29
1.0;29
1.0;21
1.0;21
1.0;29
1.0;29
1.0;21
1.0;21
1.0;21
1.0;21
1.0;21
1.0;21
1.0;25
1.0;25
1.0;21
1.0;21
1.0;31
1.0;31
1.0;23
1.0;23
1.0;25
1.0;25
1.0;25
1.0;25
1.0;23
1.0;23
1.0;21
1.0;21
1.0;27
1.0;27
1.0;23
1.0;23
1.0;25
1.0;25
1.0;27
1.0;27
1.0;25
1.0;25
1.0;23
1.0;23
1.0;23
1.0;23
1.0;23
1.0;23
1.0;21
1.0;21
1.0;23
1.0;23
1.0;25
1.0;25
0.0;7
0.0;7
1.0;23
1.0;23
1.0;23
1.0;23
1.0;25
1.0;25
1.0;21
1.0;21
1.0;27
1.0;27
1.0;23
1.0;23
1.0;25
1.0;25
1.0;25
1.0;25
1.0;23
1.0;23
1.0;21
1.0;21
1.0;23
1.0;23
1.0;27
1.0;27
1.0;23
1.0;23
1.0;27
1.0;27
1.0;25
1.0;25
1.0;21
1.0;21
1.0;23
1.0;23
1.0;25
1.0;25
1.0;21
1.0;21
1.0;21
1.0;21
1.0;23
1.0;23
1.0;25
1.0;25
1.0;23
1.0;23
1.0;25
1.0;25
1.0;27
1.0;27
1.0;23
1.0;23
1.0;23
1.0;23
0.0;7
0.0;7
1.0;27
1.0;27
1.0;25
1.0;25
1.0;25
1.0;25
1.0;23
1.0;23
1.0;27
1.0;27
1.0;21
1.0;21
1.0;31
1.0;31
1.0;25
1.0;25
1.0;21
1.0;21
1.0;23
1.0;23
0.0;9
0.0;9
1.0;25
1.0;25
1.0;27
1.0;27
1.0;31
1.0;31
1.0;21
1.0;21
1.0;27
1.0;27
1.0;21
1.0;21
1.0;27
1.0;27
1.0;21
1.0;21
1.0;21
1.0;21
1.0;23
1.0;23
1.0;23
1.0;23
1.0;23
1.0;23
1.0;27
1.0;27
1.0;21
1.0;21
1.0;21
1.0;21
1.0;29
1.0;29
1.0;27
1.0;27
1.0;21
1.0;21
1.0;25
1.0;25
1.0;23
1.0;23
1.0;21
1.0;21
1.0;25
1.0;25
1.0;25
1.0;25
1.0;23
1.0;23
1.0;21
1.0;21
1.0;23
1.0;23
1.0;25
1.0;25
1.0;23
1.0;23
1.0;23
1.0;23
1.0;21
1.0;21
1.0;21
1.0;21
1.0;23
1.0;23
1.0;23
1.0;23
1.0;23
1.0;23
1.0;25
1.0;25
1.0;25
1.0;25
1.0;21
1.0;21
1.0;25
1.0;25
1.0;27
1.0;27
1.0;23
1.0;23
1.0;23
1.0;23
1.0;23
1.0;23
1.0;25
1.0;25
1.0;21
1.0;21
1.0;21
1.0;21
1.0;25
1.0;25
1.0;23
1.0;23
1.0;21
1.0;21
1.0;21
1.0;21
1.0;21
1.0;21
1.0;25
1.0;25
1.0;29
1.0;29
1.0;25
1.0;25
1.0;23
1.0;23
1.0;27
1.0;27
1.0;25
1.0;25
1.0;25
1.0;25
1.0;21
1.0;21
1.0;23
1.0;23
1.0;21
1.0;21
1.0;25
1.0;25
1.0;25
1.0;25
1.0;27
1.0;27
1.0;25
1.0;25
1.0;25
1.0;25
1.0;25
1.0;25
1.0;23
1.0;23
1.0;21
1.0;21
1.0;25
1.0;25
1.0;23
1.0;23
1.0;27
1.0;27
1.0;21
1.0;21
1.0;31
1.0;31
1.0;23
1.0;23
1.0;25
1.0;25
1.0;25
1.0;25
1.0;21
1.0;21
1.0;21
1.0;21
1.0;23
1.0;23
1.0;21
1.0;21
1.0;21
1.0;21
1.0;25
1.0;25
1.0;25
1.0;25
1.0;23
1.0;23
1.0;25
1.0;25
1.0;25
1.0;25
1.0;25
1.0;25
1.0;25
1.0;25
1.0;23
1.0;23
1.0;23
1.0;23
1.0;23
1.0;23
1.0;23
1.0;23
1.0;23
1.0;23
1.0;25
1.0;25
1.0;25
1.0;25
1.0;27
1.0;27
1.0;21
1.0;21
1.0;21
1.0;21
0.0;9
0.0;9
1.0;23
1.0;23
1.0;23
1.0;23
1.0;21
1.0;21
1.0;25
1.0;25
1.0;21
1.0;21
1.0;23
1.0;23
1.0;25
1.0;25
1.0;25
1.0;25
1.0;29
1.0;29
1.0;21
1.0;21
1.0;21
1.0;21
1.0;21
1.0;21
1.0;21
1.0;21
1.0;21
1.0;21
1.0;23
1.0;23
1.0;21
1.0;21
1.0;23
1.0;23
1.0;25
1.0;25
1.0;33
1.0;33
1.0;21
1.0;21
1.0;23
1.0;23
1.0;29
1.0;29
1.0;23
1.0;23
1.0;23
1.0;23
1.0;23
1.0;23
1.0;21
1.0;21
1.0;23
1.0;23
1.0;21
1.0;21
1.0;21
1.0;21
1.0;25
1.0;25
1.0;21
1.0;21
0.0;13
0.0;13
1.0;27
1.0;27
1.0;25
1.0;25
1.0;23
1.0;23
1.0;25
1.0;25
1.0;23
1.0;23
1.0;23
1.0;23
1.0;23
1.0;23
1.0;23
1.0;23
1.0;21
1.0;21
0.0;7
0.0;7
1.0;23
1.0;23
1.0;23
1.0;23
1.0;23
1.0;23
1.0;23
1.0;23
1.0;23
1.0;23
1.0;29
1.0;29
1.0;23
1.0;23
1.0;23
1.0;23
1.0;21
1.0;21
1.0;21
1.0;21
1.0;23
1.0;23
1.0;23
1.0;23
1.0;29
1.0;29
1.0;21
1.0;21
1.0;25
1.0;25
1.0;29
1.0;29
1.0;23
1.0;23
1.0;29
1.0;29
1.0;23
1.0;23
1.0;23
1.0;23
1.0;23
1.0;23
1.0;27
1.0;27
1.0;21
1.0;21
1.0;23
1.0;23
1.0;21
1.0;21
1.0;25
1.0;25
1.0;21
1.0;21
1.0;23
1.0;23
1.0;23
1.0;23
1.0;25
1.0;25
1.0;23
1.0;23
1.0;23
1.0;23
1.0;23
1.0;23
1.0;23
1.0;23
1.0;23
1.0;23
1.0;23
1.0;23
1.0;23
1.0;23
1.0;27
1.0;27
1.0;23
1.0;23
1.0;27
1.0;27
0.0;9
0.0;9
1.0;23
1.0;23
1.0;23
1.0;23
1.0;21
1.0;21
1.0;23
1.0;23
1.0;27
1.0;27
1.0;23
1.0;23
1.0;21
1.0;21
1.0;23
1.0;23
1.0;23
1.0;23
1.0;21
1.0;21
1.0;25
1.0;25
1.0;21
1.0;21
1.0;27
1.0;27
1.0;27
1.0;27
0.0;7
0.0;7
1.0;21
1.0;21
1.0;23
1.0;23
1.0;21
1.0;21
0.0;13
0.0;13
1.0;23
1.0;23
