0.0;83
0.0;83
0.0;83
1.0;357
1.0;357
1.0;357
1.0;26
1.0;26
1.0;26
1.0;20
1.0;20
1.0;20
0.0;163
0.0;163
0.0;163
0.0;64
0.0;64
0.0;64
1.0;83
1.0;83
1.0;83
1.0;253
1.0;253
1.0;253
1.0;8
1.0;8
1.0;8
0.0;428
0.0;428
0.0;428
1.0;4
1.0;4
1.0;4
0.0;271
0.0;271
0.0;271
1.0;40
1.0;40
1.0;40
1.0;258
1.0;258
1.0;258
1.0;10
1.0;10
1.0;10
1.0;103
1.0;103
1.0;103
1.0;10
1.0;10
1.0;10
1.0;22
1.0;22
1.0;22
0.0;24
0.0;24
0.0;24
0.0;20
0.0;20
0.0;20
0.0;73
0.0;73
0.0;73
1.0;18
1.0;18
1.0;18
1.0;34
1.0;34
1.0;34
1.0;4
1.0;4
1.0;4
1.0;71
1.0;71
1.0;71
0.0;152
0.0;152
0.0;152
0.0;16
0.0;16
0.0;16
1.0;8
1.0;8
1.0;8
0.0;199
0.0;199
0.0;199
1.0;30
1.0;30
1.0;30
0.0;62
0.0;62
0.0;62
1.0;41
1.0;41
1.0;41
1.0;71
1.0;71
1.0;71
1.0;4
1.0;4
1.0;4
1.0;94
1.0;94
1.0;94
0.0;14
0.0;14
0.0;14
1.0;8
1.0;8
1.0;8
1.0;6
1.0;6
1.0;6
1.0;142
1.0;142
1.0;142
1.0;39
1.0;39
1.0;39
1.0;8
1.0;8
1.0;8
1.0;35
1.0;35
1.0;35
1.0;20
1.0;20
1.0;20
0.0;70
0.0;70
0.0;70
0.0;35
0.0;35
0.0;35
0.0;30
0.0;30
0.0;30
1.0;24
1.0;24
1.0;24
1.0;34
1.0;34
1.0;34
1.0;58
1.0;58
1.0;58
0.0;14
0.0;14
0.0;14
1.0;14
1.0;14
1.0;14
1.0;109
1.0;109
1.0;109
1.0;4
1.0;4
1.0;4
0.0;192
0.0;192
0.0;192
0.0;21
0.0;21
0.0;21
0.0;20
0.0;20
0.0;20
1.0;8
1.0;8
1.0;8
1.0;4
1.0;4
1.0;4
1.0;128
1.0;128
1.0;128
0.0;32
0.0;32
0.0;32
1.0;10
1.0;10
1.0;10
0.0;36
0.0;36
0.0;36
1.0;4
1.0;4
1.0;4
1.0;40
1.0;40
1.0;40
1.0;6
1.0;6
1.0;6
0.0;68
0.0;68
0.0;68
0.0;143
0.0;143
0.0;143
1.0;6
1.0;6
1.0;6
0.0;18
0.0;18
0.0;18
0.0;44
0.0;44
0.0;44
1.0;23
1.0;23
1.0;23
1.0;10
1.0;10
1.0;10
1.0;6
1.0;6
1.0;6
0.0;32
0.0;32
0.0;32
0.0;16
0.0;16
0.0;16
1.0;4
1.0;4
1.0;4
1.0;62
1.0;62
1.0;62
1.0;6
1.0;6
1.0;6
1.0;4
1.0;4
1.0;4
1.0;26
1.0;26
1.0;26
0.0;14
0.0;14
0.0;14
0.0;24
0.0;24
0.0;24
1.0;31
1.0;31
1.0;31
0.0;14
0.0;14
0.0;14
1.0;6
1.0;6
1.0;6
1.0;4
1.0;4
1.0;4
0.0;44
0.0;44
0.0;44
0.0;40
0.0;40
0.0;40
0.0;20
0.0;20
0.0;20
1.0;30
1.0;30
1.0;30
0.0;429
0.0;429
0.0;429
0.0;115
0.0;115
0.0;115
1.0;12
1.0;12
1.0;12
1.0;8
1.0;8
1.0;8
0.0;500
0.0;500
0.0;500
1.0;6
1.0;6
1.0;6
0.0;24
0.0;24
0.0;24
1.0;4
1.0;4
1.0;4
0.0;8
0.0;8
0.0;8
1.0;6
1.0;6
1.0;6
1.0;14
1.0;14
1.0;14
0.0;14
0.0;14
0.0;14
0.0;15
0.0;15
0.0;15
0.0;8
0.0;8
0.0;8
0.0;10
0.0;10
0.0;10
1.0;4
1.0;4
1.0;4
1.0;4
1.0;4
1.0;4
0.0;17
0.0;17
0.0;17
1.0;4
1.0;4
1.0;4
0.0;45
0.0;45
0.0;45
1.0;4
1.0;4
1.0;4
1.0;125
1.0;125
1.0;125
0.0;22
0.0;22
0.0;22
0.0;19
0.0;19
0.0;19
1.0;4
1.0;4
1.0;4
0.0;14
0.0;14
0.0;14
1.0;16
1.0;16
1.0;16
1.0;6
1.0;6
1.0;6
1.0;6
1.0;6
1.0;6
1.0;73
1.0;73
1.0;73
1.0;4
1.0;4
1.0;4
1.0;6
1.0;6
1.0;6
0.0;22
0.0;22
0.0;22
1.0;12
1.0;12
1.0;12
1.0;6
1.0;6
1.0;6
1.0;4
1.0;4
1.0;4
1.0;56
1.0;56
1.0;56
0.0;32
0.0;32
0.0;32
1.0;8
1.0;8
1.0;8
0.0;42
0.0;42
0.0;42
0.0;14
0.0;14
0.0;14
1.0;4
1.0;4
1.0;4
1.0;10
1.0;10
1.0;10
1.0;4
1.0;4
1.0;4
0.0;23
0.0;23
0.0;23
0.0;14
0.0;14
0.0;14
1.0;4
1.0;4
1.0;4
1.0;4
1.0;4
1.0;4
0.0;16
0.0;16
0.0;16
1.0;13
1.0;13
1.0;13
1.0;4
1.0;4
1.0;4
0.0;14
0.0;14
0.0;14
1.0;134
1.0;134
1.0;134
1.0;4
1.0;4
1.0;4
1.0;12
1.0;12
1.0;12
1.0;194
1.0;194
1.0;194
1.0;6
1.0;6
1.0;6
0.0;14
0.0;14
0.0;14
1.0;4
1.0;4
1.0;4
1.0;6
1.0;6
1.0;6
0.0;25
0.0;25
0.0;25
1.0;10
1.0;10
1.0;10
0.0;25
0.0;25
0.0;25
0.0;8
0.0;8
0.0;8
1.0;4
1.0;4
1.0;4
0.0;24
0.0;24
0.0;24
0.0;14
0.0;14
0.0;14
1.0;4
1.0;4
1.0;4
1.0;6
1.0;6
1.0;6
1.0;4
1.0;4
1.0;4
0.0;10
0.0;10
0.0;10
1.0;4
1.0;4
1.0;4
0.0;54
0.0;54
0.0;54
1.0;10
1.0;10
1.0;10
1.0;6
1.0;6
1.0;6
1.0;4
1.0;4
1.0;4
0.0;12
0.0;12
0.0;12
0.0;26
0.0;26
0.0;26
1.0;4
1.0;4
1.0;4
1.0;4
1.0;4
1.0;4
1.0;4
1.0;4
1.0;4
1.0;4
1.0;4
1.0;4
1.0;8
1.0;8
1.0;8
0.0;22
0.0;22
0.0;22
1.0;4
1.0;4
1.0;4
1.0;6
1.0;6
1.0;6
0.0;24
0.0;24
0.0;24
1.0;4
1.0;4
1.0;4
0.0;16
0.0;16
0.0;16
0.0;163
0.0;163
0.0;163
1.0;4
1.0;4
1.0;4
1.0;4
1.0;4
1.0;4
1.0;4
1.0;4
1.0;4
1.0;6
1.0;6
1.0;6
0.0;24
0.0;24
0.0;24
1.0;4
1.0;4
1.0;4
0.0;8
0.0;8
0.0;8
1.0;6
1.0;6
1.0;6
1.0;4
1.0;4
1.0;4
1.0;16
1.0;16
1.0;16
1.0;10
1.0;10
1.0;10
1.0;6
1.0;6
1.0;6
0.0;12
0.0;12
0.0;12
1.0;6
1.0;6
1.0;6
1.0;4
1.0;4
1.0;4
0.0;18
0.0;18
0.0;18
1.0;8
1.0;8
1.0;8
1.0;6
1.0;6
1.0;6
0.0;12
0.0;12
0.0;12
0.0;16
0.0;16
0.0;16
1.0;4
1.0;4
1.0;4
1.0;4
1.0;4
1.0;4
1.0;6
1.0;6
1.0;6
0.0;20
0.0;20
0.0;20
1.0;4
1.0;4
1.0;4
0.0;12
0.0;12
0.0;12
1.0;4
1.0;4
1.0;4
0.0;29
0.0;29
0.0;29
0.0;8
0.0;8
0.0;8
1.0;6
1.0;6
1.0;6
1.0;20
1.0;20
1.0;20
1.0;6
1.0;6
1.0;6
0.0;16
0.0;16
0.0;16
1.0;4
1.0;4
1.0;4
1.0;6
1.0;6
1.0;6
0.0;10
0.0;10
0.0;10
0.0;52
0.0;52
0.0;52
0.0;14
0.0;14
0.0;14
0.0;12
0.0;12
0.0;12
1.0;4
1.0;4
1.0;4
1.0;4
1.0;4
1.0;4
1.0;4
1.0;4
1.0;4
1.0;4
1.0;4
1.0;4
1.0;4
1.0;4
1.0;4
1.0;4
1.0;4
1.0;4
1.0;6
1.0;6
1.0;6
1.0;4
1.0;4
1.0;4
1.0;4
1.0;4
1.0;4
1.0;4
1.0;4
1.0;4
1.0;4
1.0;4
1.0;4
1.0;4
1.0;4
1.0;4
1.0;4
1.0;4
1.0;4
1.0;4
1.0;4
1.0;4
1.0;4
1.0;4
1.0;4
1.0;4
1.0;4
1.0;4
1.0;8
1.0;8
1.0;8
1.0;4
1.0;4
1.0;4
1.0;4
1.0;4
1.0;4
1.0;4
1.0;4
1.0;4
1.0;4
1.0;4
1.0;4
1.0;6
1.0;6
1.0;6
1.0;4
1.0;4
1.0;4
1.0;6
1.0;6
1.0;6
1.0;4
1.0;4
1.0;4
1.0;4
1.0;4
1.0;4
1.0;4
1.0;4
1.0;4
1.0;4
1.0;4
1.0;4
1.0;4
1.0;4
1.0;4
1.0;4
1.0;4
1.0;4
1.0;4
1.0;4
1.0;4
1.0;10
1.0;10
1.0;10
1.0;4
1.0;4
1.0;4
1.0;4
1.0;4
1.0;4
1.0;4
1.0;4
1.0;4
1.0;4
1.0;4
1.0;4
1.0;10
1.0;10
1.0;10
1.0;4
1.0;4
1.0;4
1.0;4
1.0;4
1.0;4
1.0;4
1.0;4
1.0;4
1.0;4
1.0;4
1.0;4
1.0;4
1.0;4
1.0;4
1.0;4
1.0;4
1.0;4
1.0;4
1.0;4
1.0;4
1.0;8
1.0;8
1.0;8
1.0;4
1.0;4
1.0;4
1.0;4
1.0;4
1.0;4
1.0;10
1.0;10
1.0;10
1.0;4
1.0;4
1.0;4
1.0;4
1.0;4
1.0;4
1.0;6
1.0;6
1.0;6
1.0;6
1.0;6
1.0;6
1.0;4
1.0;4
1.0;4
1.0;6
1.0;6
1.0;6
1.0;6
1.0;6
1.0;6
1.0;6
1.0;6
1.0;6
1.0;4
1.0;4
1.0;4
1.0;4
1.0;4
1.0;4
1.0;8
1.0;8
1.0;8
1.0;4
1.0;4
1.0;4
1.0;4
1.0;4
1.0;4
1.0;8
1.0;8
1.0;8
1.0;4
1.0;4
1.0;4
1.0;4
1.0;4
1.0;4
1.0;4
1.0;4
1.0;4
1.0;4
1.0;4
1.0;4
1.0;6
1.0;6
1.0;6
1.0;6
1.0;6
1.0;6
1.0;4
1.0;4
1.0;4
1.0;4
1.0;4
1.0;4
1.0;4
1.0;4
1.0;4
1.0;4
1.0;4
1.0;4
1.0;4
1.0;4
1.0;4
1.0;4
1.0;4
1.0;4
1.0;4
1.0;4
1.0;4
1.0;6
1.0;6
1.0;6
1.0;4
1.0;4
1.0;4
1.0;4
1.0;4
1.0;4
1.0;4
1.0;4
1.0;4
1.0;6
1.0;6
1.0;6
1.0;6
1.0;6
1.0;6
1.0;8
1.0;8
1.0;8
1.0;6
1.0;6
1.0;6
1.0;4
1.0;4
1.0;4
1.0;6
1.0;6
1.0;6
1.0;6
1.0;6
1.0;6
0.0;8
0.0;8
0.0;8
1.0;8
1.0;8
1.0;8
0.0;10
0.0;10
0.0;10
1.0;4
1.0;4
1.0;4
1.0;6
1.0;6
1.0;6
1.0;4
1.0;4
1.0;4
1.0;6
1.0;6
1.0;6
1.0;4
1.0;4
1.0;4
1.0;4
1.0;4
1.0;4
1.0;4
1.0;4
1.0;4
1.0;4
1.0;4
1.0;4
1.0;4
1.0;4
1.0;4
1.0;6
1.0;6
1.0;6
1.0;4
1.0;4
1.0;4
1.0;4
1.0;4
1.0;4
1.0;10
1.0;10
1.0;10
1.0;4
1.0;4
1.0;4
1.0;4
1.0;4
1.0;4
1.0;4
1.0;4
1.0;4
1.0;4
1.0;4
1.0;4
1.0;6
1.0;6
1.0;6
1.0;4
1.0;4
1.0;4
1.0;4
1.0;4
1.0;4
1.0;6
1.0;6
1.0;6
1.0;8
1.0;8
1.0;8
1.0;4
1.0;4
1.0;4
1.0;4
1.0;4
1.0;4
1.0;4
1.0;4
1.0;4
1.0;4
1.0;4
1.0;4
1.0;4
1.0;4
1.0;4
1.0;8
1.0;8
1.0;8
1.0;4
1.0;4
1.0;4
1.0;4
1.0;4
1.0;4
1.0;4
1.0;4
1.0;4
1.0;4
1.0;4
1.0;4
1.0;8
1.0;8
1.0;8
1.0;4
1.0;4
1.0;4
0.0;8
0.0;8
0.0;8
1.0;4
1.0;4
1.0;4
1.0;4
1.0;4
1.0;4
1.0;4
1.0;4
1.0;4
1.0;4
1.0;4
1.0;4
1.0;6
1.0;6
1.0;6
1.0;4
1.0;4
1.0;4
1.0;6
1.0;6
1.0;6
1.0;4
1.0;4
1.0;4
1.0;4
1.0;4
1.0;4
1.0;6
1.0;6
1.0;6
1.0;4
1.0;4
1.0;4
1.0;4
1.0;4
1.0;4
1.0;4
1.0;4
1.0;4
1.0;8
1.0;8
1.0;8
1.0;4
1.0;4
1.0;4
1.0;4
1.0;4
1.0;4
1.0;4
1.0;4
1.0;4
1.0;4
1.0;4
1.0;4
1.0;6
1.0;6
1.0;6
1.0;4
1.0;4
1.0;4
1.0;6
1.0;6
1.0;6
1.0;4
1.0;4
1.0;4
1.0;4
1.0;4
1.0;4
1.0;4
1.0;4
1.0;4
1.0;4
1.0;4
1.0;4
1.0;4
1.0;4
1.0;4
1.0;4
1.0;4
1.0;4
1.0;4
1.0;4
1.0;4
1.0;4
1.0;4
1.0;4
1.0;8
1.0;8
1.0;8
1.0;4
1.0;4
1.0;4
1.0;4
1.0;4
1.0;4
1.0;4
1.0;4
1.0;4
1.0;4
1.0;4
1.0;4
1.0;4
1.0;4
1.0;4
1.0;4
1.0;4
1.0;4
1.0;4
1.0;4
1.0;4
1.0;6
1.0;6
1.0;6
1.0;4
1.0;4
1.0;4
1.0;4
1.0;4
1.0;4
1.0;6
1.0;6
1.0;6
1.0;6
1.0;6
1.0;6
1.0;4
1.0;4
1.0;4
1.0;8
1.0;8
1.0;8
1.0;4
1.0;4
1.0;4
1.0;4
1.0;4
1.0;4
1.0;4
1.0;4
1.0;4
1.0;4
1.0;4
1.0;4
1.0;4
1.0;4
1.0;4
1.0;6
1.0;6
1.0;6
1.0;4
1.0;4
1.0;4
1.0;4
1.0;4
1.0;4
1.0;8
1.0;8
1.0;8
1.0;4
1.0;4
1.0;4
1.0;4
1.0;4
1.0;4
1.0;6
1.0;6
1.0;6
1.0;4
1.0;4
1.0;4
1.0;4
1.0;4
1.0;4
1.0;6
1.0;6
1.0;6
1.0;4
1.0;4
1.0;4
1.0;8
1.0;8
1.0;8
1.0;8
1.0;8
1.0;8
1.0;4
1.0;4
1.0;4
1.0;4
1.0;4
1.0;4
1.0;6
1.0;6
1.0;6
1.0;4
1.0;4
1.0;4
1.0;4
1.0;4
1.0;4
1.0;6
1.0;6
1.0;6
1.0;4
1.0;4
1.0;4
1.0;4
1.0;4
1.0;4
1.0;4
1.0;4
1.0;4
1.0;4
1.0;4
1.0;4
1.0;6
1.0;6
1.0;6
1.0;8
1.0;8
1.0;8
1.0;4
1.0;4
1.0;4
1.0;4
1.0;4
1.0;4
1.0;4
1.0;4
1.0;4
1.0;4
1.0;4
1.0;4
1.0;4
1.0;4
1.0;4
1.0;6
1.0;6
1.0;6
1.0;4
1.0;4
1.0;4
1.0;4
1.0;4
1.0;4
1.0;4
1.0;4
1.0;4
1.0;4
1.0;4
1.0;4
1.0;6
1.0;6
1.0;6
1.0;4
1.0;4
1.0;4
1.0;6
1.0;6
1.0;6
1.0;4
1.0;4
1.0;4
1.0;4
1.0;4
1.0;4
1.0;6
1.0;6
1.0;6
1.0;4
1.0;4
1.0;4
1.0;6
1.0;6
1.0;6
1.0;4
1.0;4
1.0;4
1.0;4
1.0;4
1.0;4
1.0;6
1.0;6
1.0;6
1.0;4
1.0;4
1.0;4
1.0;4
1.0;4
1.0;4
1.0;4
1.0;4
1.0;4
1.0;6
1.0;6
1.0;6
1.0;4
1.0;4
1.0;4
1.0;4
1.0;4
1.0;4
1.0;6
1.0;6
1.0;6
1.0;4
1.0;4
1.0;4
1.0;4
1.0;4
1.0;4
1.0;4
1.0;4
1.0;4
1.0;4
1.0;4
1.0;4
1.0;6
1.0;6
1.0;6
1.0;4
1.0;4
1.0;4
1.0;4
1.0;4
1.0;4
1.0;6
1.0;6
1.0;6
1.0;4
1.0;4
1.0;4
1.0;4
1.0;4
1.0;4
1.0;4
1.0;4
1.0;4
1.0;4
1.0;4
1.0;4
1.0;4
1.0;4
1.0;4
1.0;4
1.0;4
1.0;4
0.0;8
0.0;8
0.0;8
1.0;6
1.0;6
1.0;6
1.0;6
1.0;6
1.0;6
1.0;4
1.0;4
1.0;4
1.0;6
1.0;6
1.0;6
1.0;4
1.0;4
1.0;4
0.0;8
0.0;8
0.0;8
1.0;4
1.0;4
1.0;4
1.0;10
1.0;10
1.0;10
1.0;4
1.0;4
1.0;4
1.0;4
1.0;4
1.0;4
0.0;8
0.0;8
0.0;8
1.0;4
1.0;4
1.0;4
1.0;4
1.0;4
1.0;4
1.0;4
1.0;4
1.0;4
1.0;4
1.0;4
1.0;4
1.0;4
1.0;4
1.0;4
1.0;4
1.0;4
1.0;4
1.0;4
1.0;4
1.0;4
1.0;4
1.0;4
1.0;4
1.0;4
1.0;4
1.0;4
1.0;4
1.0;4
1.0;4
1.0;4
1.0;4
1.0;4
0.0;10
0.0;10
0.0;10
1.0;4
1.0;4
1.0;4
1.0;4
1.0;4
1.0;4
1.0;6
1.0;6
1.0;6
1.0;4
1.0;4
1.0;4
1.0;8
1.0;8
1.0;8
1.0;4
1.0;4
1.0;4
1.0;4
1.0;4
1.0;4
1.0;4
1.0;4
1.0;4
1.0;4
1.0;4
1.0;4
1.0;6
1.0;6
1.0;6
1.0;4
1.0;4
1.0;4
1.0;8
1.0;8
1.0;8
1.0;4
1.0;4
1.0;4
1.0;6
1.0;6
1.0;6
1.0;4
1.0;4
1.0;4
1.0;4
1.0;4
1.0;4
0.0;8
0.0;8
0.0;8
1.0;4
1.0;4
1.0;4
1.0;4
1.0;4
1.0;4
1.0;6
1.0;6
1.0;6
1.0;4
1.0;4
1.0;4
0.0;8
0.0;8
0.0;8
0.0;8
0.0;8
0.0;8
1.0;4
1.0;4
1.0;4
1.0;4
1.0;4
1.0;4
1.0;6
1.0;6
1.0;6
1.0;4
1.0;4
1.0;4
1.0;6
1.0;6
1.0;6
1.0;4
1.0;4
1.0;4
1.0;4
1.0;4
1.0;4
1.0;4
1.0;4
1.0;4
1.0;4
1.0;4
1.0;4
1.0;4
1.0;4
1.0;4
1.0;4
1.0;4
1.0;4
1.0;4
1.0;4
1.0;4
1.0;4
1.0;4
1.0;4
1.0;4
1.0;4
1.0;4
1.0;4
1.0;4
1.0;4
1.0;8
1.0;8
1.0;8
1.0;4
1.0;4
1.0;4
1.0;4
1.0;4
1.0;4
1.0;4
1.0;4
1.0;4
1.0;4
1.0;4
1.0;4
1.0;4
1.0;4
1.0;4
1.0;4
1.0;4
1.0;4
1.0;10
1.0;10
1.0;10
1.0;6
1.0;6
1.0;6
1.0;4
1.0;4
1.0;4
1.0;6
1.0;6
1.0;6
1.0;4
1.0;4
1.0;4
1.0;4
1.0;4
1.0;4
1.0;4
1.0;4
1.0;4
1.0;4
1.0;4
1.0;4
1.0;8
1.0;8
1.0;8
1.0;6
1.0;6
1.0;6
1.0;4
1.0;4
1.0;4
1.0;4
1.0;4
1.0;4
1.0;4
1.0;4
1.0;4
1.0;4
1.0;4
1.0;4
1.0;4
1.0;4
1.0;4
1.0;4
1.0;4
1.0;4
1.0;4
1.0;4
1.0;4
1.0;4
1.0;4
1.0;4
1.0;8
1.0;8
1.0;8
1.0;4
1.0;4
1.0;4
1.0;4
1.0;4
1.0;4
1.0;4
1.0;4
1.0;4
1.0;4
1.0;4
1.0;4
1.0;4
1.0;4
1.0;4
1.0;4
1.0;4
1.0;4
1.0;4
1.0;4
1.0;4
1.0;4
1.0;4
1.0;4
1.0;4
1.0;4
1.0;4
1.0;6
1.0;6
1.0;6
1.0;4
1.0;4
1.0;4
1.0;6
1.0;6
1.0;6
0.0;10
0.0;10
0.0;10
1.0;4
1.0;4
1.0;4
1.0;4
1.0;4
1.0;4
1.0;4
1.0;4
1.0;4
1.0;4
1.0;4
1.0;4
1.0;4
1.0;4
1.0;4
1.0;4
1.0;4
1.0;4
1.0;4
1.0;4
1.0;4
1.0;4
1.0;4
1.0;4
1.0;4
1.0;4
1.0;4
1.0;4
1.0;4
1.0;4
1.0;4
1.0;4
1.0;4
1.0;4
1.0;4
1.0;4
1.0;4
1.0;4
1.0;4
1.0;4
1.0;4
1.0;4
1.0;4
1.0;4
1.0;4
1.0;6
1.0;6
1.0;6
1.0;4
1.0;4
1.0;4
1.0;6
1.0;6
1.0;6
1.0;4
1.0;4
1.0;4
1.0;4
1.0;4
1.0;4
1.0;4
1.0;4
1.0;4
1.0;4
1.0;4
1.0;4
1.0;6
1.0;6
1.0;6
1.0;4
1.0;4
1.0;4
1.0;4
1.0;4
1.0;4
1.0;6
1.0;6
1.0;6
1.0;4
1.0;4
1.0;4
1.0;4
1.0;4
1.0;4
1.0;4
1.0;4
1.0;4
1.0;4
1.0;4
1.0;4
1.0;4
1.0;4
1.0;4
1.0;4
1.0;4
1.0;4
1.0;4
1.0;4
1.0;4
1.0;4
1.0;4
1.0;4
1.0;8
1.0;8
1.0;8
1.0;4
1.0;4
1.0;4
1.0;4
1.0;4
1.0;4
1.0;6
1.0;6
1.0;6
1.0;8
1.0;8
1.0;8
1.0;4
1.0;4
1.0;4
1.0;10
1.0;10
1.0;10
1.0;4
1.0;4
1.0;4
1.0;4
1.0;4
1.0;4
1.0;4
1.0;4
1.0;4
0.0;8
0.0;8
0.0;8
1.0;4
1.0;4
1.0;4
1.0;4
1.0;4
1.0;4
1.0;4
1.0;4
1.0;4
1.0;6
1.0;6
1.0;6
1.0;4
1.0;4
1.0;4
1.0;4
1.0;4
1.0;4
1.0;6
1.0;6
1.0;6
1.0;4
1.0;4
1.0;4
1.0;4
1.0;4
1.0;4
1.0;4
1.0;4
1.0;4
1.0;4
1.0;4
1.0;4
1.0;6
1.0;6
1.0;6
1.0;4
1.0;4
1.0;4
0.0;8
0.0;8
0.0;8
1.0;6
1.0;6
1.0;6
1.0;4
1.0;4
1.0;4
1.0;4
1.0;4
1.0;4
1.0;4
1.0;4
1.0;4
1.0;4
1.0;4
1.0;4
1.0;4
1.0;4
1.0;4
1.0;6
1.0;6
1.0;6
1.0;6
1.0;6
1.0;6
1.0;4
1.0;4
1.0;4
1.0;10
1.0;10
1.0;10
1.0;6
1.0;6
1.0;6
1.0;4
1.0;4
1.0;4
1.0;4
1.0;4
1.0;4
1.0;6
1.0;6
1.0;6
1.0;4
1.0;4
1.0;4
1.0;4
1.0;4
1.0;4
1.0;4
1.0;4
1.0;4
0.0;8
0.0;8
0.0;8
1.0;6
1.0;6
1.0;6
1.0;6
1.0;6
1.0;6
1.0;4
1.0;4
1.0;4
1.0;6
1.0;6
1.0;6
1.0;8
1.0;8
1.0;8
1.0;4
1.0;4
1.0;4
1.0;10
1.0;10
1.0;10
1.0;6
1.0;6
1.0;6
1.0;4
1.0;4
1.0;4
1.0;4
1.0;4
1.0;4
1.0;4
1.0;4
1.0;4
1.0;4
1.0;4
1.0;4
1.0;4
1.0;4
1.0;4
1.0;4
1.0;4
1.0;4
1.0;4
1.0;4
1.0;4
1.0;4
1.0;4
1.0;4
1.0;4
1.0;4
1.0;4
1.0;4
1.0;4
1.0;4
1.0;8
1.0;8
1.0;8
1.0;4
1.0;4
1.0;4
1.0;4
1.0;4
1.0;4
1.0;4
1.0;4
1.0;4
1.0;4
1.0;4
1.0;4
0.0;10
0.0;10
0.0;10
1.0;6
1.0;6
1.0;6
1.0;4
1.0;4
1.0;4
1.0;4
1.0;4
1.0;4
1.0;6
1.0;6
1.0;6
1.0;4
1.0;4
1.0;4
1.0;4
1.0;4
1.0;4
1.0;4
1.0;4
1.0;4
1.0;4
1.0;4
1.0;4
1.0;4
1.0;4
1.0;4
1.0;4
1.0;4
1.0;4
1.0;4
1.0;4
1.0;4
1.0;4
1.0;4
1.0;4
1.0;10
1.0;10
1.0;10
1.0;4
1.0;4
1.0;4
1.0;4
1.0;4
1.0;4
1.0;4
1.0;4
1.0;4
1.0;4
1.0;4
1.0;4
1.0;4
1.0;4
1.0;4
1.0;4
1.0;4
1.0;4
1.0;4
1.0;4
1.0;4
1.0;4
1.0;4
1.0;4
1.0;4
1.0;4
1.0;4
1.0;4
1.0;4
1.0;4
1.0;4
1.0;4
1.0;4
1.0;4
1.0;4
1.0;4
0.0;8
0.0;8
0.0;8
1.0;4
1.0;4
1.0;4
1.0;4
1.0;4
1.0;4
1.0;4
1.0;4
1.0;4
1.0;4
1.0;4
1.0;4
1.0;4
1.0;4
1.0;4
1.0;4
1.0;4
1.0;4
1.0;4
1.0;4
1.0;4
1.0;4
1.0;4
1.0;4
1.0;6
1.0;6
1.0;6
1.0;6
1.0;6
1.0;6
1.0;4
1.0;4
1.0;4
1.0;6
1.0;6
1.0;6
1.0;4
1.0;4
1.0;4
1.0;4
1.0;4
1.0;4
1.0;4
1.0;4
1.0;4
1.0;4
1.0;4
1.0;4
1.0;6
1.0;6
1.0;6
1.0;4
1.0;4
1.0;4
1.0;4
1.0;4
1.0;4
1.0;4
1.0;4
1.0;4
1.0;8
1.0;8
1.0;8
1.0;4
1.0;4
1.0;4
1.0;4
1.0;4
1.0;4
1.0;6
1.0;6
1.0;6
0.0;10
0.0;10
0.0;10
1.0;4
1.0;4
1.0;4
1.0;4
1.0;4
1.0;4
1.0;6
1.0;6
1.0;6
1.0;4
1.0;4
1.0;4
1.0;6
1.0;6
1.0;6
1.0;6
1.0;6
1.0;6
1.0;4
1.0;4
1.0;4
1.0;4
1.0;4
1.0;4
1.0;4
1.0;4
1.0;4
1.0;4
1.0;4
1.0;4
1.0;4
1.0;4
1.0;4
1.0;6
1.0;6
1.0;6
1.0;4
1.0;4
1.0;4
1.0;4
1.0;4
1.0;4
1.0;4
1.0;4
1.0;4
1.0;4
1.0;4
1.0;4
1.0;4
1.0;4
1.0;4
1.0;4
1.0;4
1.0;4
1.0;4
1.0;4
1.0;4
1.0;4
1.0;4
1.0;4
1.0;4
1.0;4
1.0;4
1.0;4
1.0;4
1.0;4
1.0;4
1.0;4
1.0;4
1.0;4
1.0;4
1.0;4
1.0;4
1.0;4
1.0;4
1.0;4
1.0;4
1.0;4
1.0;4
1.0;4
1.0;4
1.0;4
1.0;4
1.0;4
1.0;4
1.0;4
1.0;4
1.0;4
1.0;4
1.0;4
1.0;4
1.0;4
1.0;4
1.0;6
1.0;6
1.0;6
1.0;4
1.0;4
1.0;4
0.0;12
0.0;12
0.0;12
1.0;4
1.0;4
1.0;4
1.0;4
1.0;4
1.0;4
1.0;4
1.0;4
1.0;4
1.0;8
1.0;8
1.0;8
1.0;6
1.0;6
1.0;6
1.0;4
1.0;4
1.0;4
0.0;10
0.0;10
0.0;10
1.0;4
1.0;4
1.0;4
1.0;4
1.0;4
1.0;4
1.0;4
1.0;4
1.0;4
1.0;4
1.0;4
1.0;4
1.0;6
1.0;6
1.0;6
1.0;4
1.0;4
1.0;4
1.0;4
1.0;4
1.0;4
1.0;4
1.0;4
1.0;4
1.0;4
1.0;4
1.0;4
1.0;4
1.0;4
1.0;4
1.0;6
1.0;6
1.0;6
1.0;4
1.0;4
1.0;4
1.0;4
1.0;4
1.0;4
1.0;4
1.0;4
1.0;4
1.0;4
1.0;4
1.0;4
1.0;4
1.0;4
1.0;4
1.0;4
1.0;4
1.0;4
1.0;4
1.0;4
1.0;4
1.0;4
1.0;4
1.0;4
1.0;4
1.0;4
1.0;4
1.0;4
1.0;4
1.0;4
1.0;4
1.0;4
1.0;4
1.0;4
1.0;4
1.0;4
1.0;4
1.0;4
1.0;4
1.0;4
1.0;4
1.0;4
1.0;4
1.0;4
1.0;4
1.0;4
1.0;4
1.0;4
1.0;4
1.0;4
1.0;4
1.0;4
1.0;4
1.0;4
1.0;4
1.0;4
1.0;4
1.0;4
1.0;4
1.0;4
1.0;4
1.0;4
1.0;4
1.0;4
1.0;4
1.0;4
1.0;4
1.0;4
1.0;4
1.0;6
1.0;6
1.0;6
1.0;4
1.0;4
1.0;4
1.0;4
1.0;4
1.0;4
1.0;4
1.0;4
1.0;4
1.0;6
1.0;6
1.0;6
1.0;6
1.0;6
1.0;6
1.0;4
1.0;4
1.0;4
1.0;4
1.0;4
1.0;4
1.0;6
1.0;6
1.0;6
1.0;4
1.0;4
1.0;4
1.0;4
1.0;4
1.0;4
1.0;4
1.0;4
1.0;4
1.0;4
1.0;4
1.0;4
1.0;4
1.0;4
1.0;4
1.0;4
1.0;4
1.0;4
1.0;4
1.0;4
1.0;4
0.0;12
0.0;12
0.0;12
1.0;4
1.0;4
1.0;4
1.0;8
1.0;8
1.0;8
1.0;6
1.0;6
1.0;6
1.0;4
1.0;4
1.0;4
1.0;4
1.0;4
1.0;4
1.0;8
1.0;8
1.0;8
1.0;4
1.0;4
1.0;4
1.0;6
1.0;6
1.0;6
1.0;4
1.0;4
1.0;4
1.0;4
1.0;4
1.0;4
1.0;4
1.0;4
1.0;4
1.0;4
1.0;4
1.0;4
1.0;6
1.0;6
1.0;6
1.0;4
1.0;4
1.0;4
1.0;4
1.0;4
1.0;4
1.0;4
1.0;4
1.0;4
1.0;4
1.0;4
1.0;4
1.0;4
1.0;4
1.0;4
1.0;6
1.0;6
1.0;6
1.0;4
1.0;4
1.0;4
1.0;6
1.0;6
1.0;6
1.0;6
1.0;6
1.0;6
1.0;4
1.0;4
1.0;4
1.0;4
1.0;4
1.0;4
1.0;6
1.0;6
1.0;6
1.0;4
1.0;4
1.0;4
0.0;10
0.0;10
0.0;10
1.0;4
1.0;4
1.0;4
1.0;4
1.0;4
1.0;4
1.0;4
1.0;4
1.0;4
1.0;4
1.0;4
1.0;4
1.0;4
1.0;4
1.0;4
1.0;4
1.0;4
1.0;4
1.0;6
1.0;6
1.0;6
1.0;4
1.0;4
1.0;4
0.0;10
0.0;10
0.0;10
1.0;4
1.0;4
1.0;4
1.0;8
1.0;8
1.0;8
1.0;4
1.0;4
1.0;4
1.0;4
1.0;4
1.0;4
1.0;4
1.0;4
1.0;4
1.0;4
1.0;4
1.0;4
1.0;4
1.0;4
1.0;4
1.0;6
1.0;6
1.0;6
0.0;8
0.0;8
0.0;8
1.0;4
1.0;4
1.0;4
1.0;6
1.0;6
1.0;6
1.0;6
1.0;6
1.0;6
1.0;6
1.0;6
1.0;6
1.0;6
1.0;6
1.0;6
1.0;6
1.0;6
1.0;6
1.0;4
1.0;4
1.0;4
1.0;4
1.0;4
1.0;4
1.0;4
1.0;4
1.0;4
1.0;6
1.0;6
1.0;6
1.0;4
1.0;4
1.0;4
0.0;8
0.0;8
0.0;8
1.0;4
1.0;4
1.0;4
1.0;4
1.0;4
1.0;4
1.0;4
1.0;4
1.0;4
1.0;4
1.0;4
1.0;4
1.0;4
1.0;4
1.0;4
1.0;6
1.0;6
1.0;6
1.0;4
1.0;4
1.0;4
1.0;4
1.0;4
1.0;4
1.0;6
1.0;6
1.0;6
1.0;6
1.0;6
1.0;6
1.0;4
1.0;4
1.0;4
1.0;6
1.0;6
1.0;6
1.0;4
1.0;4
1.0;4
1.0;6
1.0;6
1.0;6
1.0;4
1.0;4
1.0;4
1.0;4
1.0;4
1.0;4
1.0;4
1.0;4
1.0;4
1.0;6
1.0;6
1.0;6
1.0;4
1.0;4
1.0;4
1.0;4
1.0;4
1.0;4
1.0;4
1.0;4
1.0;4
1.0;4
1.0;4
1.0;4
1.0;4
1.0;4
1.0;4
0.0;8
0.0;8
0.0;8
1.0;4
1.0;4
1.0;4
1.0;4
1.0;4
1.0;4
1.0;6
1.0;6
1.0;6
0.0;10
0.0;10
0.0;10
1.0;4
1.0;4
1.0;4
1.0;4
1.0;4
1.0;4
1.0;4
1.0;4
1.0;4
1.0;4
1.0;4
1.0;4
1.0;4
1.0;4
1.0;4
1.0;4
1.0;4
1.0;4
1.0;4
1.0;4
1.0;4
1.0;4
1.0;4
1.0;4
1.0;4
1.0;4
1.0;4
0.0;8
0.0;8
0.0;8
1.0;6
1.0;6
1.0;6
1.0;4
1.0;4
1.0;4
1.0;4
1.0;4
1.0;4
1.0;4
1.0;4
1.0;4
1.0;4
1.0;4
1.0;4
1.0;6
1.0;6
1.0;6
1.0;4
1.0;4
1.0;4
1.0;6
1.0;6
1.0;6
1.0;4
1.0;4
1.0;4
1.0;6
1.0;6
1.0;6
1.0;4
1.0;4
1.0;4
1.0;4
1.0;4
1.0;4
1.0;4
1.0;4
1.0;4
1.0;8
1.0;8
1.0;8
1.0;4
1.0;4
1.0;4
1.0;4
1.0;4
1.0;4
1.0;6
1.0;6
1.0;6
1.0;6
1.0;6
1.0;6
1.0;4
1.0;4
1.0;4
1.0;4
1.0;4
1.0;4
1.0;4
1.0;4
1.0;4
0.0;10
0.0;10
0.0;10
1.0;4
1.0;4
1.0;4
1.0;4
1.0;4
1.0;4
1.0;4
1.0;4
1.0;4
1.0;4
1.0;4
1.0;4
1.0;4
1.0;4
1.0;4
1.0;4
1.0;4
1.0;4
1.0;4
1.0;4
1.0;4
1.0;4
1.0;4
1.0;4
0.0;10
0.0;10
0.0;10
1.0;4
1.0;4
1.0;4
1.0;4
1.0;4
1.0;4
1.0;4
1.0;4
1.0;4
1.0;4
1.0;4
1.0;4
1.0;4
1.0;4
1.0;4
0.0;8
0.0;8
0.0;8
1.0;4
1.0;4
1.0;4
1.0;4
1.0;4
1.0;4
1.0;4
1.0;4
1.0;4
1.0;4
1.0;4
1.0;4
1.0;4
1.0;4
1.0;4
1.0;4
1.0;4
1.0;4
1.0;4
1.0;4
1.0;4
1.0;4
1.0;4
1.0;4
1.0;4
1.0;4
1.0;4
1.0;4
1.0;4
1.0;4
1.0;6
1.0;6
1.0;6
0.0;8
0.0;8
0.0;8
1.0;6
1.0;6
1.0;6
1.0;4
1.0;4
1.0;4
1.0;4
1.0;4
1.0;4
1.0;4
1.0;4
1.0;4
1.0;4
1.0;4
1.0;4
1.0;4
1.0;4
1.0;4
1.0;4
1.0;4
1.0;4
1.0;6
1.0;6
1.0;6
1.0;6
1.0;6
1.0;6
1.0;4
1.0;4
1.0;4
1.0;4
1.0;4
1.0;4
1.0;4
1.0;4
1.0;4
1.0;4
1.0;4
1.0;4
1.0;4
1.0;4
1.0;4
1.0;4
1.0;4
1.0;4
1.0;4
1.0;4
1.0;4
1.0;4
1.0;4
1.0;4
1.0;4
1.0;4
1.0;4
1.0;4
1.0;4
1.0;4
1.0;4
1.0;4
1.0;4
1.0;4
1.0;4
1.0;4
1.0;4
1.0;4
1.0;4
1.0;4
1.0;4
1.0;4
1.0;4
1.0;4
1.0;4
1.0;4
1.0;4
1.0;4
1.0;4
1.0;4
1.0;4
1.0;4
1.0;4
1.0;4
1.0;4
1.0;4
1.0;4
1.0;4
1.0;4
1.0;4
1.0;4
1.0;4
1.0;4
1.0;4
1.0;4
1.0;4
1.0;4
1.0;4
1.0;4
1.0;4
1.0;4
1.0;4
1.0;4
1.0;4
1.0;4
1.0;4
1.0;4
1.0;4
1.0;4
1.0;4
1.0;4
1.0;4
1.0;4
1.0;4
1.0;4
1.0;4
1.0;4
1.0;6
1.0;6
1.0;6
1.0;4
1.0;4
1.0;4
1.0;4
1.0;4
1.0;4
1.0;4
1.0;4
1.0;4
1.0;4
1.0;4
1.0;4
1.0;6
1.0;6
1.0;6
1.0;8
1.0;8
1.0;8
1.0;4
1.0;4
1.0;4
1.0;8
1.0;8
1.0;8
1.0;4
1.0;4
1.0;4
1.0;6
1.0;6
1.0;6
1.0;4
1.0;4
1.0;4
1.0;6
1.0;6
1.0;6
1.0;4
1.0;4
1.0;4
