1.0;18
1.0;18
0.0;173
0.0;173
1.0;28
1.0;28
1.0;141
1.0;141
1.0;14
1.0;14
1.0;35
1.0;35
1.0;16
1.0;16
1.0;40
1.0;40
0.0;22
0.0;22
1.0;10
1.0;10
1.0;4
1.0;4
0.0;30
0.0;30
1.0;6
1.0;6
1.0;4
1.0;4
0.0;58
0.0;58
1.0;6
1.0;6
1.0;4
1.0;4
1.0;4
1.0;4
1.0;4
1.0;4
1.0;4
1.0;4
1.0;4
1.0;4
1.0;4
1.0;4
1.0;4
1.0;4
1.0;8
1.0;8
1.0;4
1.0;4
1.0;4
1.0;4
1.0;4
1.0;4
1.0;4
1.0;4
1.0;4
1.0;4
1.0;4
1.0;4
1.0;4
1.0;4
1.0;6
1.0;6
1.0;6
1.0;6
1.0;6
1.0;6
1.0;4
1.0;4
1.0;16
1.0;16
1.0;4
1.0;4
1.0;4
1.0;4
1.0;4
1.0;4
0.0;62
0.0;62
1.0;6
1.0;6
1.0;4
1.0;4
1.0;8
1.0;8
1.0;4
1.0;4
1.0;8
1.0;8
1.0;4
1.0;4
1.0;6
1.0;6
1.0;4
1.0;4
1.0;4
1.0;4
1.0;4
1.0;4
1.0;4
1.0;4
1.0;4
1.0;4
1.0;4
1.0;4
1.0;4
1.0;4
1.0;4
1.0;4
1.0;6
1.0;6
1.0;4
1.0;4
1.0;6
1.0;6
1.0;4
1.0;4
1.0;4
1.0;4
1.0;4
1.0;4
1.0;4
1.0;4
1.0;4
1.0;4
1.0;4
1.0;4
1.0;4
1.0;4
1.0;4
1.0;4
1.0;4
1.0;4
1.0;4
1.0;4
1.0;4
1.0;4
1.0;4
1.0;4
1.0;4
1.0;4
1.0;4
1.0;4
1.0;4
1.0;4
1.0;4
1.0;4
1.0;4
1.0;4
1.0;4
1.0;4
1.0;4
1.0;4
1.0;4
1.0;4
1.0;4
1.0;4
1.0;4
1.0;4
1.0;4
1.0;4
1.0;4
1.0;4
1.0;4
1.0;4
1.0;4
1.0;4
1.0;4
1.0;4
1.0;4
1.0;4
1.0;4
1.0;4
0.0;500
0.0;500
1.0;4
1.0;4
1.0;6
1.0;6
1.0;8
1.0;8
1.0;4
1.0;4
1.0;4
1.0;4
1.0;4
1.0;4
1.0;4
1.0;4
1.0;4
1.0;4
0.0;500
0.0;500
1.0;6
1.0;6
1.0;6
1.0;6
1.0;4
1.0;4
1.0;4
1.0;4
1.0;4
1.0;4
1.0;4
1.0;4
1.0;4
1.0;4
1.0;6
1.0;6
1.0;4
1.0;4
1.0;4
1.0;4
1.0;4
1.0;4
1.0;6
1.0;6
1.0;4
1.0;4
1.0;6
1.0;6
1.0;4
1.0;4
1.0;6
1.0;6
1.0;28
1.0;28
1.0;6
1.0;6
1.0;6
1.0;6
1.0;6
1.0;6
1.0;4
1.0;4
1.0;4
1.0;4
1.0;4
1.0;4
1.0;6
1.0;6
1.0;6
1.0;6
1.0;4
1.0;4
1.0;4
1.0;4
1.0;4
1.0;4
1.0;4
1.0;4
1.0;4
1.0;4
1.0;4
1.0;4
1.0;4
1.0;4
1.0;4
1.0;4
1.0;8
1.0;8
1.0;4
1.0;4
1.0;6
1.0;6
1.0;4
1.0;4
1.0;4
1.0;4
1.0;4
1.0;4
1.0;6
1.0;6
1.0;8
1.0;8
1.0;4
1.0;4
1.0;4
1.0;4
1.0;4
1.0;4
1.0;4
1.0;4
0.0;26
0.0;26
1.0;4
1.0;4
1.0;4
1.0;4
1.0;4
1.0;4
1.0;8
1.0;8
1.0;4
1.0;4
1.0;6
1.0;6
1.0;6
1.0;6
1.0;4
1.0;4
1.0;4
1.0;4
1.0;4
1.0;4
1.0;6
1.0;6
1.0;4
1.0;4
1.0;4
1.0;4
1.0;4
1.0;4
1.0;4
1.0;4
1.0;4
1.0;4
1.0;4
1.0;4
1.0;4
1.0;4
1.0;4
1.0;4
1.0;4
1.0;4
1.0;4
1.0;4
1.0;4
1.0;4
1.0;4
1.0;4
1.0;4
1.0;4
0.0;67
0.0;67
1.0;8
1.0;8
1.0;8
1.0;8
1.0;4
1.0;4
1.0;4
1.0;4
1.0;4
1.0;4
1.0;4
1.0;4
1.0;4
1.0;4
1.0;4
1.0;4
1.0;6
1.0;6
1.0;6
1.0;6
1.0;4
1.0;4
1.0;4
1.0;4
1.0;4
1.0;4
1.0;4
1.0;4
1.0;4
1.0;4
1.0;4
1.0;4
1.0;8
1.0;8
1.0;6
1.0;6
1.0;4
1.0;4
1.0;6
1.0;6
1.0;4
1.0;4
1.0;4
1.0;4
1.0;4
1.0;4
1.0;4
1.0;4
1.0;4
1.0;4
1.0;6
1.0;6
1.0;4
1.0;4
1.0;6
1.0;6
1.0;4
1.0;4
1.0;6
1.0;6
1.0;34
1.0;34
1.0;8
1.0;8
1.0;4
1.0;4
1.0;4
1.0;4
1.0;4
1.0;4
1.0;4
1.0;4
1.0;4
1.0;4
0.0;125
0.0;125
1.0;4
1.0;4
1.0;4
1.0;4
1.0;4
1.0;4
1.0;4
1.0;4
1.0;6
1.0;6
1.0;4
1.0;4
1.0;4
1.0;4
1.0;4
1.0;4
1.0;4
1.0;4
1.0;4
1.0;4
1.0;6
1.0;6
1.0;4
1.0;4
1.0;4
1.0;4
1.0;4
1.0;4
1.0;6
1.0;6
1.0;4
1.0;4
1.0;4
1.0;4
1.0;4
1.0;4
1.0;4
1.0;4
1.0;4
1.0;4
1.0;4
1.0;4
1.0;4
1.0;4
1.0;4
1.0;4
1.0;6
1.0;6
1.0;4
1.0;4
1.0;6
1.0;6
1.0;4
1.0;4
1.0;4
1.0;4
1.0;6
1.0;6
1.0;4
1.0;4
1.0;4
1.0;4
1.0;4
1.0;4
1.0;4
1.0;4
0.0;10
0.0;10
1.0;4
1.0;4
1.0;4
1.0;4
1.0;4
1.0;4
1.0;4
1.0;4
1.0;4
1.0;4
1.0;4
1.0;4
1.0;4
1.0;4
1.0;6
1.0;6
1.0;6
1.0;6
1.0;4
1.0;4
1.0;32
1.0;32
1.0;4
1.0;4
1.0;6
1.0;6
1.0;6
1.0;6
1.0;4
1.0;4
1.0;4
1.0;4
1.0;4
1.0;4
1.0;4
1.0;4
1.0;6
1.0;6
0.0;57
0.0;57
1.0;4
1.0;4
1.0;4
1.0;4
1.0;4
1.0;4
1.0;4
1.0;4
1.0;4
1.0;4
1.0;4
1.0;4
1.0;4
1.0;4
1.0;4
1.0;4
1.0;4
1.0;4
1.0;4
1.0;4
1.0;4
1.0;4
1.0;4
1.0;4
1.0;4
1.0;4
1.0;6
1.0;6
1.0;4
1.0;4
1.0;6
1.0;6
1.0;41
1.0;41
0.0;34
0.0;34
1.0;6
1.0;6
1.0;6
1.0;6
1.0;6
1.0;6
1.0;8
1.0;8
1.0;4
1.0;4
1.0;4
1.0;4
1.0;4
1.0;4
0.0;20
0.0;20
1.0;4
1.0;4
1.0;4
1.0;4
1.0;6
1.0;6
1.0;4
1.0;4
1.0;6
1.0;6
1.0;8
1.0;8
1.0;4
1.0;4
1.0;4
1.0;4
1.0;4
1.0;4
1.0;4
1.0;4
1.0;4
1.0;4
1.0;4
1.0;4
1.0;6
1.0;6
0.0;38
0.0;38
1.0;4
1.0;4
1.0;6
1.0;6
1.0;6
1.0;6
1.0;4
1.0;4
1.0;4
1.0;4
1.0;16
1.0;16
1.0;4
1.0;4
1.0;4
1.0;4
1.0;8
1.0;8
1.0;6
1.0;6
1.0;4
1.0;4
1.0;4
1.0;4
1.0;4
1.0;4
1.0;6
1.0;6
1.0;6
1.0;6
1.0;4
1.0;4
1.0;6
1.0;6
0.0;46
0.0;46
1.0;4
1.0;4
1.0;4
1.0;4
1.0;4
1.0;4
1.0;4
1.0;4
1.0;4
1.0;4
1.0;4
1.0;4
1.0;8
1.0;8
1.0;4
1.0;4
1.0;4
1.0;4
1.0;4
1.0;4
1.0;4
1.0;4
1.0;6
1.0;6
1.0;4
1.0;4
1.0;4
1.0;4
1.0;4
1.0;4
1.0;4
1.0;4
1.0;4
1.0;4
1.0;4
1.0;4
1.0;4
1.0;4
1.0;4
1.0;4
1.0;4
1.0;4
1.0;4
1.0;4
1.0;4
1.0;4
1.0;6
1.0;6
1.0;4
1.0;4
1.0;4
1.0;4
1.0;6
1.0;6
1.0;4
1.0;4
1.0;4
1.0;4
1.0;6
1.0;6
1.0;4
1.0;4
1.0;4
1.0;4
1.0;4
1.0;4
1.0;6
1.0;6
1.0;4
1.0;4
1.0;4
1.0;4
1.0;4
1.0;4
1.0;4
1.0;4
1.0;77
1.0;77
1.0;4
1.0;4
1.0;4
1.0;4
1.0;4
1.0;4
1.0;4
1.0;4
1.0;6
1.0;6
1.0;4
1.0;4
0.0;292
0.0;292
1.0;4
1.0;4
1.0;4
1.0;4
1.0;4
1.0;4
1.0;4
1.0;4
1.0;4
1.0;4
1.0;4
1.0;4
1.0;4
1.0;4
1.0;4
1.0;4
1.0;4
1.0;4
1.0;6
1.0;6
1.0;4
1.0;4
1.0;4
1.0;4
1.0;4
1.0;4
1.0;4
1.0;4
1.0;4
1.0;4
1.0;8
1.0;8
1.0;10
1.0;10
1.0;4
1.0;4
1.0;4
1.0;4
1.0;4
1.0;4
1.0;4
1.0;4
1.0;4
1.0;4
1.0;4
1.0;4
1.0;6
1.0;6
1.0;4
1.0;4
1.0;6
1.0;6
1.0;4
1.0;4
1.0;4
1.0;4
1.0;4
1.0;4
1.0;4
1.0;4
1.0;4
1.0;4
1.0;4
1.0;4
1.0;4
1.0;4
1.0;8
1.0;8
1.0;4
1.0;4
1.0;4
1.0;4
1.0;4
1.0;4
1.0;4
1.0;4
1.0;4
1.0;4
1.0;4
1.0;4
1.0;4
1.0;4
1.0;4
1.0;4
1.0;4
1.0;4
1.0;36
1.0;36
1.0;4
1.0;4
1.0;4
1.0;4
1.0;8
1.0;8
1.0;4
1.0;4
1.0;4
1.0;4
1.0;6
1.0;6
0.0;172
0.0;172
1.0;4
1.0;4
1.0;4
1.0;4
1.0;4
1.0;4
1.0;4
1.0;4
1.0;6
1.0;6
1.0;6
1.0;6
1.0;4
1.0;4
1.0;4
1.0;4
1.0;4
1.0;4
1.0;4
1.0;4
1.0;4
1.0;4
0.0;28
0.0;28
1.0;8
1.0;8
1.0;6
1.0;6
1.0;6
1.0;6
1.0;4
1.0;4
1.0;10
1.0;10
1.0;4
1.0;4
1.0;4
1.0;4
1.0;4
1.0;4
1.0;4
1.0;4
1.0;6
1.0;6
1.0;4
1.0;4
1.0;4
1.0;4
1.0;4
1.0;4
1.0;6
1.0;6
1.0;8
1.0;8
1.0;4
1.0;4
1.0;6
1.0;6
1.0;4
1.0;4
1.0;4
1.0;4
1.0;4
1.0;4
1.0;4
1.0;4
1.0;4
1.0;4
1.0;4
1.0;4
1.0;4
1.0;4
1.0;4
1.0;4
1.0;4
1.0;4
1.0;4
1.0;4
1.0;4
1.0;4
1.0;4
1.0;4
1.0;4
1.0;4
1.0;6
1.0;6
1.0;4
1.0;4
1.0;4
1.0;4
1.0;4
1.0;4
1.0;4
1.0;4
1.0;4
1.0;4
1.0;4
1.0;4
1.0;4
1.0;4
1.0;4
1.0;4
1.0;4
1.0;4
1.0;6
1.0;6
1.0;4
1.0;4
1.0;4
1.0;4
1.0;6
1.0;6
1.0;4
1.0;4
1.0;26
1.0;26
1.0;4
1.0;4
1.0;4
1.0;4
1.0;6
1.0;6
1.0;4
1.0;4
1.0;4
1.0;4
1.0;4
1.0;4
1.0;4
1.0;4
1.0;4
1.0;4
1.0;8
1.0;8
1.0;4
1.0;4
1.0;4
1.0;4
1.0;10
1.0;10
1.0;6
1.0;6
1.0;6
1.0;6
1.0;4
1.0;4
1.0;4
1.0;4
1.0;4
1.0;4
1.0;8
1.0;8
1.0;4
1.0;4
1.0;4
1.0;4
1.0;4
1.0;4
1.0;4
1.0;4
1.0;4
1.0;4
1.0;8
1.0;8
0.0;36
0.0;36
1.0;308
1.0;308
1.0;6
1.0;6
1.0;4
1.0;4
1.0;4
1.0;4
1.0;4
1.0;4
1.0;4
1.0;4
1.0;4
1.0;4
1.0;4
1.0;4
1.0;4
1.0;4
1.0;6
1.0;6
1.0;6
1.0;6
1.0;4
1.0;4
1.0;4
1.0;4
1.0;4
1.0;4
1.0;4
1.0;4
1.0;4
1.0;4
1.0;4
1.0;4
1.0;4
1.0;4
1.0;4
1.0;4
1.0;4
1.0;4
1.0;4
1.0;4
1.0;4
1.0;4
1.0;4
1.0;4
1.0;6
1.0;6
0.0;17
0.0;17
1.0;4
1.0;4
1.0;8
1.0;8
1.0;4
1.0;4
1.0;4
1.0;4
1.0;4
1.0;4
1.0;4
1.0;4
1.0;4
1.0;4
1.0;6
1.0;6
1.0;4
1.0;4
1.0;6
1.0;6
1.0;4
1.0;4
1.0;6
1.0;6
1.0;4
1.0;4
1.0;4
1.0;4
1.0;4
1.0;4
1.0;8
1.0;8
1.0;6
1.0;6
1.0;4
1.0;4
1.0;4
1.0;4
1.0;4
1.0;4
1.0;4
1.0;4
1.0;4
1.0;4
1.0;4
1.0;4
0.0;281
0.0;281
1.0;6
1.0;6
1.0;4
1.0;4
1.0;12
1.0;12
1.0;6
1.0;6
1.0;4
1.0;4
1.0;4
1.0;4
1.0;4
1.0;4
1.0;6
1.0;6
1.0;4
1.0;4
1.0;6
1.0;6
1.0;4
1.0;4
1.0;4
1.0;4
1.0;4
1.0;4
1.0;4
1.0;4
1.0;6
1.0;6
1.0;4
1.0;4
1.0;4
1.0;4
1.0;4
1.0;4
1.0;4
1.0;4
1.0;4
1.0;4
1.0;6
1.0;6
1.0;4
1.0;4
1.0;6
1.0;6
1.0;4
1.0;4
1.0;4
1.0;4
1.0;6
1.0;6
1.0;4
1.0;4
1.0;4
1.0;4
1.0;4
1.0;4
1.0;6
1.0;6
1.0;4
1.0;4
1.0;6
1.0;6
1.0;235
1.0;235
1.0;4
1.0;4
1.0;4
1.0;4
1.0;4
1.0;4
1.0;6
1.0;6
1.0;4
1.0;4
1.0;6
1.0;6
1.0;4
1.0;4
1.0;6
1.0;6
1.0;4
1.0;4
1.0;4
1.0;4
1.0;4
1.0;4
1.0;139
1.0;139
1.0;4
1.0;4
1.0;10
1.0;10
1.0;4
1.0;4
1.0;4
1.0;4
1.0;4
1.0;4
0.0;306
0.0;306
1.0;4
1.0;4
1.0;4
1.0;4
1.0;4
1.0;4
1.0;4
1.0;4
1.0;4
1.0;4
1.0;6
1.0;6
1.0;6
1.0;6
1.0;4
1.0;4
1.0;4
1.0;4
1.0;4
1.0;4
1.0;4
1.0;4
1.0;4
1.0;4
1.0;4
1.0;4
1.0;4
1.0;4
1.0;4
1.0;4
1.0;4
1.0;4
1.0;4
1.0;4
1.0;4
1.0;4
1.0;4
1.0;4
1.0;4
1.0;4
0.0;34
0.0;34
1.0;8
1.0;8
1.0;4
1.0;4
1.0;6
1.0;6
1.0;4
1.0;4
1.0;6
1.0;6
1.0;8
1.0;8
1.0;4
1.0;4
1.0;4
1.0;4
1.0;4
1.0;4
1.0;4
1.0;4
1.0;4
1.0;4
1.0;4
1.0;4
1.0;4
1.0;4
1.0;4
1.0;4
1.0;4
1.0;4
1.0;6
1.0;6
1.0;6
1.0;6
1.0;4
1.0;4
1.0;6
1.0;6
1.0;6
1.0;6
1.0;4
1.0;4
1.0;4
1.0;4
1.0;6
1.0;6
1.0;4
1.0;4
1.0;4
1.0;4
1.0;4
1.0;4
0.0;166
0.0;166
1.0;8
1.0;8
1.0;6
1.0;6
1.0;4
1.0;4
1.0;4
1.0;4
1.0;4
1.0;4
1.0;4
1.0;4
1.0;6
1.0;6
1.0;4
1.0;4
1.0;4
1.0;4
1.0;4
1.0;4
1.0;4
1.0;4
1.0;4
1.0;4
1.0;4
1.0;4
1.0;4
1.0;4
1.0;6
1.0;6
1.0;4
1.0;4
1.0;4
1.0;4
1.0;4
1.0;4
1.0;6
1.0;6
1.0;4
1.0;4
1.0;6
1.0;6
1.0;6
1.0;6
1.0;6
1.0;6
1.0;4
1.0;4
1.0;6
1.0;6
1.0;4
1.0;4
1.0;4
1.0;4
1.0;6
1.0;6
1.0;4
1.0;4
1.0;4
1.0;4
1.0;6
1.0;6
1.0;4
1.0;4
1.0;4
1.0;4
1.0;4
1.0;4
1.0;4
1.0;4
1.0;6
1.0;6
1.0;4
1.0;4
1.0;4
1.0;4
1.0;4
1.0;4
1.0;6
1.0;6
1.0;4
1.0;4
1.0;4
1.0;4
1.0;4
1.0;4
1.0;4
1.0;4
1.0;4
1.0;4
0.0;26
0.0;26
1.0;4
1.0;4
1.0;6
1.0;6
1.0;4
1.0;4
1.0;4
1.0;4
1.0;4
1.0;4
1.0;4
1.0;4
1.0;4
1.0;4
1.0;4
1.0;4
1.0;4
1.0;4
1.0;4
1.0;4
1.0;4
1.0;4
1.0;4
1.0;4
1.0;4
1.0;4
1.0;4
1.0;4
1.0;4
1.0;4
1.0;4
1.0;4
1.0;8
1.0;8
1.0;6
1.0;6
1.0;6
1.0;6
1.0;4
1.0;4
1.0;4
1.0;4
1.0;4
1.0;4
1.0;4
1.0;4
1.0;4
1.0;4
1.0;4
1.0;4
1.0;4
1.0;4
1.0;4
1.0;4
1.0;4
1.0;4
1.0;8
1.0;8
1.0;4
1.0;4
1.0;4
1.0;4
1.0;8
1.0;8
1.0;6
1.0;6
1.0;4
1.0;4
1.0;6
1.0;6
1.0;4
1.0;4
1.0;6
1.0;6
1.0;6
1.0;6
1.0;4
1.0;4
1.0;4
1.0;4
1.0;4
1.0;4
1.0;4
1.0;4
1.0;6
1.0;6
1.0;4
1.0;4
1.0;4
1.0;4
1.0;4
1.0;4
1.0;4
1.0;4
1.0;4
1.0;4
1.0;4
1.0;4
1.0;4
1.0;4
1.0;4
1.0;4
1.0;4
1.0;4
1.0;4
1.0;4
1.0;4
1.0;4
1.0;8
1.0;8
1.0;4
1.0;4
1.0;4
1.0;4
1.0;4
1.0;4
1.0;6
1.0;6
1.0;4
1.0;4
1.0;6
1.0;6
1.0;6
1.0;6
1.0;4
1.0;4
1.0;4
1.0;4
1.0;4
1.0;4
1.0;4
1.0;4
1.0;6
1.0;6
1.0;4
1.0;4
1.0;4
1.0;4
1.0;4
1.0;4
1.0;4
1.0;4
1.0;4
1.0;4
1.0;6
1.0;6
1.0;4
1.0;4
1.0;4
1.0;4
1.0;4
1.0;4
1.0;4
1.0;4
1.0;4
1.0;4
1.0;4
1.0;4
1.0;4
1.0;4
1.0;4
1.0;4
1.0;4
1.0;4
1.0;4
1.0;4
1.0;6
1.0;6
1.0;4
1.0;4
1.0;4
1.0;4
1.0;6
1.0;6
1.0;6
1.0;6
1.0;4
1.0;4
1.0;6
1.0;6
1.0;4
1.0;4
1.0;4
1.0;4
1.0;4
1.0;4
1.0;4
1.0;4
0.0;14
0.0;14
1.0;6
1.0;6
1.0;4
1.0;4
1.0;4
1.0;4
1.0;4
1.0;4
1.0;4
1.0;4
1.0;6
1.0;6
1.0;4
1.0;4
1.0;4
1.0;4
1.0;6
1.0;6
1.0;4
1.0;4
1.0;4
1.0;4
1.0;4
1.0;4
1.0;4
1.0;4
1.0;4
1.0;4
1.0;4
1.0;4
1.0;4
1.0;4
1.0;6
1.0;6
1.0;4
1.0;4
1.0;6
1.0;6
1.0;6
1.0;6
1.0;4
1.0;4
1.0;4
1.0;4
1.0;6
1.0;6
1.0;4
1.0;4
1.0;4
1.0;4
1.0;4
1.0;4
1.0;4
1.0;4
1.0;4
1.0;4
1.0;4
1.0;4
1.0;220
1.0;220
1.0;4
1.0;4
1.0;6
1.0;6
1.0;4
1.0;4
1.0;4
1.0;4
1.0;4
1.0;4
1.0;4
1.0;4
1.0;4
1.0;4
1.0;6
1.0;6
1.0;4
1.0;4
1.0;4
1.0;4
1.0;6
1.0;6
1.0;6
1.0;6
1.0;6
1.0;6
1.0;4
1.0;4
1.0;4
1.0;4
1.0;6
1.0;6
1.0;4
1.0;4
1.0;4
1.0;4
1.0;4
1.0;4
1.0;4
1.0;4
1.0;4
1.0;4
1.0;4
1.0;4
1.0;6
1.0;6
1.0;4
1.0;4
1.0;4
1.0;4
1.0;4
1.0;4
1.0;4
1.0;4
1.0;6
1.0;6
1.0;4
1.0;4
1.0;6
1.0;6
1.0;6
1.0;6
1.0;4
1.0;4
1.0;4
1.0;4
1.0;4
1.0;4
1.0;4
1.0;4
1.0;4
1.0;4
1.0;4
1.0;4
1.0;4
1.0;4
1.0;4
1.0;4
1.0;4
1.0;4
1.0;6
1.0;6
1.0;6
1.0;6
1.0;4
1.0;4
1.0;4
1.0;4
1.0;4
1.0;4
1.0;4
1.0;4
1.0;4
1.0;4
1.0;6
1.0;6
1.0;4
1.0;4
1.0;6
1.0;6
1.0;4
1.0;4
1.0;4
1.0;4
1.0;4
1.0;4
1.0;4
1.0;4
1.0;4
1.0;4
1.0;4
1.0;4
1.0;6
1.0;6
1.0;4
1.0;4
1.0;4
1.0;4
1.0;4
1.0;4
1.0;6
1.0;6
0.0;13
0.0;13
1.0;4
1.0;4
1.0;4
1.0;4
1.0;6
1.0;6
1.0;4
1.0;4
1.0;4
1.0;4
1.0;4
1.0;4
1.0;6
1.0;6
1.0;6
1.0;6
1.0;8
1.0;8
1.0;4
1.0;4
0.0;60
0.0;60
1.0;4
1.0;4
1.0;4
1.0;4
1.0;4
1.0;4
1.0;4
1.0;4
1.0;6
1.0;6
1.0;6
1.0;6
1.0;4
1.0;4
1.0;4
1.0;4
1.0;4
1.0;4
1.0;6
1.0;6
1.0;4
1.0;4
1.0;4
1.0;4
1.0;4
1.0;4
1.0;4
1.0;4
0.0;320
0.0;320
1.0;8
1.0;8
1.0;4
1.0;4
1.0;4
1.0;4
1.0;4
1.0;4
1.0;4
1.0;4
1.0;4
1.0;4
1.0;4
1.0;4
1.0;4
1.0;4
1.0;4
1.0;4
1.0;4
1.0;4
1.0;4
1.0;4
1.0;4
1.0;4
1.0;4
1.0;4
1.0;6
1.0;6
1.0;4
1.0;4
0.0;24
0.0;24
1.0;6
1.0;6
1.0;4
1.0;4
1.0;4
1.0;4
1.0;4
1.0;4
1.0;4
1.0;4
1.0;4
1.0;4
1.0;4
1.0;4
1.0;6
1.0;6
1.0;4
1.0;4
1.0;6
1.0;6
1.0;6
1.0;6
1.0;4
1.0;4
1.0;4
1.0;4
1.0;6
1.0;6
1.0;4
1.0;4
1.0;4
1.0;4
1.0;8
1.0;8
1.0;6
1.0;6
1.0;4
1.0;4
1.0;20
1.0;20
1.0;4
1.0;4
0.0;43
0.0;43
1.0;6
1.0;6
1.0;4
1.0;4
1.0;4
1.0;4
1.0;10
1.0;10
1.0;4
1.0;4
1.0;4
1.0;4
1.0;8
1.0;8
1.0;4
1.0;4
1.0;4
1.0;4
1.0;4
1.0;4
1.0;4
1.0;4
1.0;6
1.0;6
1.0;6
1.0;6
0.0;12
0.0;12
1.0;4
1.0;4
1.0;4
1.0;4
1.0;4
1.0;4
1.0;4
1.0;4
1.0;4
1.0;4
1.0;4
1.0;4
1.0;6
1.0;6
1.0;4
1.0;4
1.0;4
1.0;4
1.0;6
1.0;6
1.0;4
1.0;4
1.0;4
1.0;4
1.0;4
1.0;4
1.0;4
1.0;4
1.0;4
1.0;4
1.0;4
1.0;4
1.0;4
1.0;4
1.0;4
1.0;4
1.0;4
1.0;4
1.0;4
1.0;4
1.0;4
1.0;4
1.0;4
1.0;4
1.0;6
1.0;6
1.0;4
1.0;4
1.0;4
1.0;4
1.0;6
1.0;6
1.0;4
1.0;4
1.0;4
1.0;4
1.0;4
1.0;4
1.0;4
1.0;4
1.0;4
1.0;4
1.0;4
1.0;4
1.0;4
1.0;4
1.0;6
1.0;6
1.0;4
1.0;4
1.0;4
1.0;4
1.0;4
1.0;4
0.0;14
0.0;14
1.0;4
1.0;4
1.0;4
1.0;4
1.0;4
1.0;4
1.0;4
1.0;4
1.0;6
1.0;6
