1.0;109
0.0;26
0.0;26
0.0;87
0.0;87
0.0;152
0.0;152
0.0;84
0.0;84
0.0;262
0.0;262
0.0;224
0.0;224
0.0;123
0.0;123
0.0;28
0.0;28
1.0;130
1.0;130
0.0;20
0.0;20
1.0;148
1.0;148
1.0;82
1.0;82
0.0;500
0.0;500
0.0;26
0.0;26
0.0;88
0.0;88
0.0;239
0.0;239
0.0;500
0.0;500
0.0;70
0.0;70
0.0;105
0.0;105
0.0;98
0.0;98
1.0;108
1.0;108
0.0;63
0.0;63
0.0;99
0.0;99
1.0;226
1.0;226
1.0;157
1.0;157
0.0;262
0.0;262
1.0;28
1.0;28
0.0;25
0.0;25
0.0;115
0.0;115
0.0;155
0.0;155
1.0;59
1.0;59
1.0;171
1.0;171
0.0;191
0.0;191
0.0;293
0.0;293
0.0;15
0.0;15
1.0;199
1.0;199
0.0;73
0.0;73
1.0;61
1.0;61
1.0;87
1.0;87
0.0;42
0.0;42
1.0;293
1.0;293
1.0;105
1.0;105
1.0;220
1.0;220
1.0;91
1.0;91
1.0;120
1.0;120
0.0;227
0.0;227
0.0;247
0.0;247
0.0;173
0.0;173
1.0;62
1.0;62
1.0;67
1.0;67
0.0;162
0.0;162
1.0;45
1.0;45
0.0;54
0.0;54
1.0;192
1.0;192
0.0;186
0.0;186
1.0;80
1.0;80
1.0;70
1.0;70
1.0;89
1.0;89
1.0;129
1.0;129
1.0;173
1.0;173
1.0;94
1.0;94
1.0;92
1.0;92
1.0;65
1.0;65
0.0;109
0.0;109
0.0;90
0.0;90
0.0;71
0.0;71
0.0;44
0.0;44
1.0;291
1.0;291
0.0;98
0.0;98
1.0;235
1.0;235
1.0;43
1.0;43
0.0;199
0.0;199
1.0;78
1.0;78
1.0;390
1.0;390
0.0;30
0.0;30
0.0;199
0.0;199
1.0;26
1.0;26
1.0;61
1.0;61
0.0;101
0.0;101
0.0;51
0.0;51
1.0;70
1.0;70
1.0;163
1.0;163
1.0;67
1.0;67
1.0;20
1.0;20
1.0;39
1.0;39
1.0;44
1.0;44
1.0;90
1.0;90
1.0;94
1.0;94
1.0;66
1.0;66
1.0;186
1.0;186
0.0;500
0.0;500
0.0;60
0.0;60
1.0;301
1.0;301
1.0;98
1.0;98
1.0;40
1.0;40
1.0;481
1.0;481
1.0;71
1.0;71
1.0;41
1.0;41
1.0;56
1.0;56
1.0;49
1.0;49
0.0;8
0.0;8
1.0;47
1.0;47
1.0;87
1.0;87
1.0;67
1.0;67
1.0;49
1.0;49
1.0;187
1.0;187
0.0;72
0.0;72
1.0;254
1.0;254
1.0;118
1.0;118
1.0;23
1.0;23
0.0;145
0.0;145
1.0;68
1.0;68
1.0;85
1.0;85
1.0;49
1.0;49
1.0;77
1.0;77
1.0;39
1.0;39
1.0;91
1.0;91
1.0;22
1.0;22
1.0;44
1.0;44
1.0;109
1.0;109
1.0;33
1.0;33
1.0;37
1.0;37
1.0;37
1.0;37
1.0;29
1.0;29
1.0;159
1.0;159
1.0;45
1.0;45
1.0;37
1.0;37
1.0;36
1.0;36
1.0;32
1.0;32
0.0;500
0.0;500
1.0;41
1.0;41
1.0;106
1.0;106
1.0;58
1.0;58
1.0;282
1.0;282
1.0;212
1.0;212
1.0;264
1.0;264
1.0;31
1.0;31
1.0;78
1.0;78
1.0;54
1.0;54
0.0;341
0.0;341
1.0;86
1.0;86
1.0;18
1.0;18
1.0;203
1.0;203
1.0;125
1.0;125
1.0;24
1.0;24
1.0;31
1.0;31
1.0;52
1.0;52
1.0;86
1.0;86
1.0;192
1.0;192
1.0;27
1.0;27
1.0;30
1.0;30
1.0;45
1.0;45
1.0;72
1.0;72
1.0;27
1.0;27
1.0;212
1.0;212
1.0;29
1.0;29
1.0;231
1.0;231
1.0;57
1.0;57
0.0;8
0.0;8
1.0;52
1.0;52
1.0;23
1.0;23
1.0;55
1.0;55
0.0;8
0.0;8
1.0;55
1.0;55
1.0;29
1.0;29
1.0;52
1.0;52
0.0;500
0.0;500
1.0;33
1.0;33
1.0;34
1.0;34
1.0;24
1.0;24
0.0;12
0.0;12
1.0;48
1.0;48
1.0;44
1.0;44
1.0;34
1.0;34
1.0;34
1.0;34
1.0;62
1.0;62
1.0;41
1.0;41
1.0;24
1.0;24
1.0;22
1.0;22
0.0;294
0.0;294
1.0;25
1.0;25
1.0;43
1.0;43
0.0;353
0.0;353
1.0;45
1.0;45
1.0;50
1.0;50
1.0;28
1.0;28
1.0;81
1.0;81
1.0;263
1.0;263
1.0;30
1.0;30
1.0;39
1.0;39
1.0;30
1.0;30
1.0;231
1.0;231
1.0;24
1.0;24
1.0;57
1.0;57
1.0;32
1.0;32
1.0;29
1.0;29
1.0;30
1.0;30
1.0;18
1.0;18
1.0;71
1.0;71
1.0;129
1.0;129
1.0;33
1.0;33
1.0;33
1.0;33
1.0;20
1.0;20
1.0;28
1.0;28
1.0;17
1.0;17
1.0;35
1.0;35
1.0;20
1.0;20
1.0;43
1.0;43
1.0;67
1.0;67
1.0;81
1.0;81
1.0;33
1.0;33
1.0;30
1.0;30
1.0;17
1.0;17
0.0;10
0.0;10
1.0;26
1.0;26
1.0;26
1.0;26
1.0;30
1.0;30
1.0;27
1.0;27
1.0;214
1.0;214
1.0;32
1.0;32
0.0;8
0.0;8
1.0;30
1.0;30
1.0;21
1.0;21
1.0;24
1.0;24
1.0;330
1.0;330
1.0;51
1.0;51
1.0;35
1.0;35
1.0;38
1.0;38
1.0;65
1.0;65
1.0;18
1.0;18
1.0;28
1.0;28
1.0;19
1.0;19
1.0;20
1.0;20
1.0;237
1.0;237
1.0;18
1.0;18
1.0;22
1.0;22
1.0;24
1.0;24
1.0;29
1.0;29
1.0;20
1.0;20
0.0;306
0.0;306
1.0;23
1.0;23
1.0;31
1.0;31
1.0;28
1.0;28
1.0;18
1.0;18
1.0;24
1.0;24
1.0;24
1.0;24
1.0;25
1.0;25
1.0;109
1.0;109
1.0;24
1.0;24
1.0;27
1.0;27
1.0;44
1.0;44
1.0;63
1.0;63
1.0;16
1.0;16
1.0;26
1.0;26
0.0;8
0.0;8
1.0;27
1.0;27
1.0;45
1.0;45
0.0;8
0.0;8
1.0;15
1.0;15
0.0;11
0.0;11
1.0;29
1.0;29
1.0;24
1.0;24
1.0;22
1.0;22
0.0;220
0.0;220
1.0;22
1.0;22
1.0;31
1.0;31
1.0;46
1.0;46
1.0;27
1.0;27
0.0;9
0.0;9
1.0;43
1.0;43
1.0;18
1.0;18
1.0;23
1.0;23
1.0;20
1.0;20
1.0;26
1.0;26
1.0;31
1.0;31
1.0;30
1.0;30
1.0;26
1.0;26
1.0;20
1.0;20
1.0;27
1.0;27
1.0;28
1.0;28
1.0;17
1.0;17
1.0;22
1.0;22
1.0;18
1.0;18
1.0;30
1.0;30
1.0;18
1.0;18
0.0;8
0.0;8
1.0;22
1.0;22
1.0;33
1.0;33
1.0;33
1.0;33
1.0;24
1.0;24
1.0;24
1.0;24
1.0;20
1.0;20
1.0;23
1.0;23
1.0;17
1.0;17
1.0;22
1.0;22
0.0;224
0.0;224
1.0;22
1.0;22
1.0;24
1.0;24
1.0;18
1.0;18
1.0;16
1.0;16
1.0;22
1.0;22
1.0;18
1.0;18
1.0;20
1.0;20
1.0;22
1.0;22
1.0;17
1.0;17
1.0;20
1.0;20
1.0;22
1.0;22
1.0;45
1.0;45
1.0;19
1.0;19
1.0;19
1.0;19
1.0;17
1.0;17
1.0;21
1.0;21
0.0;10
0.0;10
1.0;18
1.0;18
1.0;18
1.0;18
1.0;23
1.0;23
1.0;18
1.0;18
1.0;28
1.0;28
1.0;27
1.0;27
1.0;26
1.0;26
1.0;21
1.0;21
1.0;24
1.0;24
1.0;20
1.0;20
1.0;21
1.0;21
1.0;19
1.0;19
1.0;17
1.0;17
1.0;23
1.0;23
1.0;20
1.0;20
0.0;8
0.0;8
1.0;18
1.0;18
1.0;22
1.0;22
1.0;22
1.0;22
1.0;19
1.0;19
1.0;19
1.0;19
1.0;21
1.0;21
1.0;159
1.0;159
1.0;18
1.0;18
1.0;19
1.0;19
1.0;24
1.0;24
1.0;22
1.0;22
1.0;16
1.0;16
1.0;15
1.0;15
1.0;16
1.0;16
1.0;18
1.0;18
1.0;15
1.0;15
1.0;18
1.0;18
1.0;32
1.0;32
1.0;24
1.0;24
1.0;24
1.0;24
1.0;27
1.0;27
1.0;17
1.0;17
1.0;19
1.0;19
1.0;15
1.0;15
1.0;16
1.0;16
1.0;16
1.0;16
1.0;15
1.0;15
1.0;19
1.0;19
1.0;15
1.0;15
1.0;16
1.0;16
1.0;18
1.0;18
1.0;17
1.0;17
1.0;16
1.0;16
1.0;16
1.0;16
1.0;20
1.0;20
1.0;21
1.0;21
1.0;16
1.0;16
1.0;19
1.0;19
1.0;15
1.0;15
1.0;22
1.0;22
1.0;19
1.0;19
1.0;21
1.0;21
1.0;19
1.0;19
1.0;19
1.0;19
1.0;22
1.0;22
1.0;20
1.0;20
1.0;15
1.0;15
1.0;21
1.0;21
1.0;24
1.0;24
1.0;16
1.0;16
1.0;19
1.0;19
1.0;16
1.0;16
1.0;16
1.0;16
1.0;24
1.0;24
1.0;19
1.0;19
1.0;17
1.0;17
1.0;18
1.0;18
1.0;19
1.0;19
1.0;19
1.0;19
1.0;17
1.0;17
1.0;19
1.0;19
1.0;17
1.0;17
1.0;21
1.0;21
1.0;15
1.0;15
1.0;20
1.0;20
1.0;18
1.0;18
1.0;16
1.0;16
1.0;15
1.0;15
1.0;18
1.0;18
1.0;15
1.0;15
1.0;20
1.0;20
1.0;16
1.0;16
1.0;20
1.0;20
1.0;22
1.0;22
1.0;35
1.0;35
0.0;12
0.0;12
1.0;15
1.0;15
1.0;15
1.0;15
1.0;21
1.0;21
1.0;19
1.0;19
1.0;18
1.0;18
1.0;15
1.0;15
1.0;15
1.0;15
1.0;15
1.0;15
1.0;18
1.0;18
1.0;15
1.0;15
1.0;16
1.0;16
1.0;16
1.0;16
1.0;17
1.0;17
1.0;19
1.0;19
1.0;15
1.0;15
1.0;15
1.0;15
1.0;26
1.0;26
1.0;15
1.0;15
1.0;15
1.0;15
1.0;19
1.0;19
1.0;15
1.0;15
1.0;18
1.0;18
1.0;19
1.0;19
1.0;19
1.0;19
1.0;22
1.0;22
0.0;10
0.0;10
1.0;15
1.0;15
1.0;17
1.0;17
1.0;15
1.0;15
1.0;17
1.0;17
1.0;15
1.0;15
1.0;17
1.0;17
1.0;17
1.0;17
1.0;15
1.0;15
1.0;17
1.0;17
1.0;19
1.0;19
0.0;12
0.0;12
1.0;17
1.0;17
1.0;15
1.0;15
1.0;15
1.0;15
1.0;16
1.0;16
1.0;19
1.0;19
1.0;15
1.0;15
1.0;19
1.0;19
1.0;15
1.0;15
1.0;15
1.0;15
1.0;17
1.0;17
1.0;19
1.0;19
1.0;15
1.0;15
1.0;19
1.0;19
0.0;10
0.0;10
1.0;15
1.0;15
0.0;10
0.0;10
1.0;21
1.0;21
1.0;15
1.0;15
1.0;17
1.0;17
1.0;15
1.0;15
1.0;19
1.0;19
1.0;16
1.0;16
1.0;15
1.0;15
1.0;21
1.0;21
1.0;15
1.0;15
1.0;15
1.0;15
1.0;19
1.0;19
1.0;15
1.0;15
1.0;15
1.0;15
1.0;20
1.0;20
1.0;16
1.0;16
0.0;10
0.0;10
1.0;15
1.0;15
1.0;15
1.0;15
1.0;15
1.0;15
0.0;12
0.0;12
1.0;19
1.0;19
1.0;17
1.0;17
1.0;17
1.0;17
1.0;17
1.0;17
1.0;16
1.0;16
1.0;17
1.0;17
1.0;17
1.0;17
1.0;19
1.0;19
1.0;15
1.0;15
1.0;17
1.0;17
1.0;22
1.0;22
1.0;15
1.0;15
1.0;15
1.0;15
1.0;18
1.0;18
0.0;10
0.0;10
1.0;25
1.0;25
0.0;12
0.0;12
1.0;15
1.0;15
1.0;21
1.0;21
0.0;14
0.0;14
1.0;17
1.0;17
1.0;15
1.0;15
0.0;14
0.0;14
1.0;15
1.0;15
1.0;15
1.0;15
1.0;15
1.0;15
1.0;17
1.0;17
1.0;15
1.0;15
1.0;15
1.0;15
1.0;15
1.0;15
1.0;16
1.0;16
1.0;15
1.0;15
1.0;19
1.0;19
1.0;23
1.0;23
1.0;15
1.0;15
1.0;17
1.0;17
1.0;21
1.0;21
1.0;21
1.0;21
1.0;22
1.0;22
1.0;17
1.0;17
1.0;15
1.0;15
1.0;18
1.0;18
1.0;20
1.0;20
1.0;15
1.0;15
0.0;10
0.0;10
1.0;15
1.0;15
1.0;17
1.0;17
1.0;15
1.0;15
1.0;17
1.0;17
1.0;17
1.0;17
1.0;15
1.0;15
1.0;15
1.0;15
1.0;19
1.0;19
1.0;15
1.0;15
1.0;19
1.0;19
1.0;21
1.0;21
1.0;21
1.0;21
1.0;19
1.0;19
1.0;17
1.0;17
1.0;19
1.0;19
1.0;17
1.0;17
1.0;19
1.0;19
1.0;17
1.0;17
1.0;17
1.0;17
1.0;17
1.0;17
1.0;15
1.0;15
1.0;19
1.0;19
1.0;19
1.0;19
0.0;14
0.0;14
1.0;17
1.0;17
1.0;17
1.0;17
1.0;17
1.0;17
0.0;16
0.0;16
1.0;23
1.0;23
1.0;15
1.0;15
1.0;19
1.0;19
1.0;21
1.0;21
1.0;18
1.0;18
1.0;17
1.0;17
1.0;16
1.0;16
1.0;16
1.0;16
1.0;15
1.0;15
0.0;10
0.0;10
1.0;15
1.0;15
1.0;21
1.0;21
1.0;19
1.0;19
1.0;15
1.0;15
1.0;19
1.0;19
1.0;15
1.0;15
1.0;15
1.0;15
1.0;21
1.0;21
1.0;15
1.0;15
1.0;21
1.0;21
1.0;19
1.0;19
1.0;15
1.0;15
1.0;15
1.0;15
1.0;15
1.0;15
1.0;17
1.0;17
0.0;10
0.0;10
1.0;15
1.0;15
0.0;12
0.0;12
1.0;15
1.0;15
1.0;21
1.0;21
1.0;17
1.0;17
1.0;19
1.0;19
1.0;15
1.0;15
1.0;15
1.0;15
1.0;19
1.0;19
1.0;19
1.0;19
1.0;17
1.0;17
1.0;17
1.0;17
1.0;17
1.0;17
1.0;15
1.0;15
1.0;17
1.0;17
1.0;15
1.0;15
1.0;21
1.0;21
1.0;15
1.0;15
1.0;15
1.0;15
1.0;17
1.0;17
1.0;17
1.0;17
0.0;10
0.0;10
1.0;17
1.0;17
1.0;19
1.0;19
1.0;19
1.0;19
1.0;15
1.0;15
1.0;15
1.0;15
1.0;22
1.0;22
1.0;19
1.0;19
1.0;16
1.0;16
1.0;23
1.0;23
1.0;19
1.0;19
1.0;15
1.0;15
1.0;21
1.0;21
1.0;21
1.0;21
1.0;23
1.0;23
1.0;19
1.0;19
1.0;20
1.0;20
1.0;15
1.0;15
1.0;18
1.0;18
1.0;15
1.0;15
1.0;15
1.0;15
1.0;15
1.0;15
1.0;15
1.0;15
1.0;16
1.0;16
1.0;17
1.0;17
1.0;19
1.0;19
1.0;15
1.0;15
0.0;10
0.0;10
1.0;21
1.0;21
0.0;10
0.0;10
1.0;15
1.0;15
1.0;21
1.0;21
1.0;17
1.0;17
1.0;15
1.0;15
0.0;12
0.0;12
1.0;19
1.0;19
1.0;15
1.0;15
1.0;17
1.0;17
1.0;17
1.0;17
1.0;17
1.0;17
1.0;17
1.0;17
1.0;15
1.0;15
1.0;23
1.0;23
1.0;17
1.0;17
1.0;23
1.0;23
1.0;21
1.0;21
1.0;15
1.0;15
1.0;17
1.0;17
1.0;15
1.0;15
1.0;17
1.0;17
1.0;17
1.0;17
1.0;21
1.0;21
1.0;17
1.0;17
1.0;15
1.0;15
1.0;17
1.0;17
1.0;19
1.0;19
1.0;19
1.0;19
1.0;17
1.0;17
1.0;19
1.0;19
1.0;15
1.0;15
1.0;21
1.0;21
1.0;19
1.0;19
1.0;21
1.0;21
1.0;15
1.0;15
1.0;17
1.0;17
1.0;15
1.0;15
1.0;15
1.0;15
0.0;14
0.0;14
1.0;17
1.0;17
1.0;54
1.0;54
1.0;19
1.0;19
1.0;15
1.0;15
0.0;10
0.0;10
1.0;15
1.0;15
1.0;15
1.0;15
1.0;17
1.0;17
1.0;15
1.0;15
1.0;19
1.0;19
1.0;21
1.0;21
1.0;17
1.0;17
1.0;15
1.0;15
1.0;19
1.0;19
0.0;12
0.0;12
1.0;17
1.0;17
1.0;15
1.0;15
1.0;17
1.0;17
1.0;18
1.0;18
1.0;17
1.0;17
1.0;33
1.0;33
1.0;15
1.0;15
0.0;10
0.0;10
1.0;17
1.0;17
1.0;15
1.0;15
1.0;15
1.0;15
1.0;15
1.0;15
1.0;19
1.0;19
1.0;21
1.0;21
1.0;17
1.0;17
1.0;17
1.0;17
1.0;21
1.0;21
1.0;19
1.0;19
1.0;17
1.0;17
0.0;14
0.0;14
1.0;18
1.0;18
1.0;20
1.0;20
1.0;24
1.0;24
1.0;15
1.0;15
1.0;17
1.0;17
1.0;15
1.0;15
1.0;15
1.0;15
1.0;17
1.0;17
1.0;17
1.0;17
1.0;15
1.0;15
1.0;19
1.0;19
1.0;19
1.0;19
1.0;17
1.0;17
1.0;19
1.0;19
1.0;17
1.0;17
1.0;17
1.0;17
1.0;21
1.0;21
1.0;15
1.0;15
1.0;15
1.0;15
1.0;19
1.0;19
1.0;25
1.0;25
1.0;18
1.0;18
1.0;17
1.0;17
0.0;10
0.0;10
1.0;21
1.0;21
0.0;10
0.0;10
1.0;17
1.0;17
1.0;15
1.0;15
1.0;17
1.0;17
1.0;15
1.0;15
1.0;15
1.0;15
1.0;21
1.0;21
1.0;19
1.0;19
1.0;17
1.0;17
1.0;19
1.0;19
1.0;21
1.0;21
1.0;25
1.0;25
1.0;15
1.0;15
1.0;25
1.0;25
1.0;15
1.0;15
1.0;21
1.0;21
1.0;17
1.0;17
1.0;15
1.0;15
1.0;16
1.0;16
0.0;14
0.0;14
1.0;21
1.0;21
1.0;17
1.0;17
1.0;17
1.0;17
1.0;15
1.0;15
1.0;17
1.0;17
1.0;15
1.0;15
0.0;16
0.0;16
1.0;15
1.0;15
1.0;17
1.0;17
1.0;15
1.0;15
1.0;19
1.0;19
1.0;15
1.0;15
1.0;15
1.0;15
1.0;17
1.0;17
1.0;19
1.0;19
0.0;10
0.0;10
1.0;16
1.0;16
1.0;15
1.0;15
1.0;17
1.0;17
1.0;19
1.0;19
1.0;15
1.0;15
1.0;19
1.0;19
1.0;15
1.0;15
1.0;17
1.0;17
1.0;19
1.0;19
1.0;17
1.0;17
1.0;17
1.0;17
1.0;17
1.0;17
1.0;20
1.0;20
1.0;19
1.0;19
1.0;17
1.0;17
1.0;19
1.0;19
1.0;17
1.0;17
1.0;17
1.0;17
0.0;10
0.0;10
0.0;10
0.0;10
1.0;19
1.0;19
1.0;19
1.0;19
1.0;19
1.0;19
1.0;19
1.0;19
1.0;15
1.0;15
1.0;15
1.0;15
1.0;19
1.0;19
1.0;15
1.0;15
1.0;15
1.0;15
1.0;17
1.0;17
1.0;17
1.0;17
1.0;19
1.0;19
0.0;12
0.0;12
1.0;17
1.0;17
1.0;19
1.0;19
0.0;10
0.0;10
1.0;22
1.0;22
0.0;10
0.0;10
1.0;19
1.0;19
1.0;21
1.0;21
1.0;17
1.0;17
1.0;19
1.0;19
1.0;15
1.0;15
0.0;10
0.0;10
1.0;16
1.0;16
1.0;19
1.0;19
1.0;17
1.0;17
1.0;17
1.0;17
1.0;15
1.0;15
1.0;19
1.0;19
1.0;17
1.0;17
1.0;15
1.0;15
1.0;17
1.0;17
1.0;19
1.0;19
1.0;26
1.0;26
0.0;14
0.0;14
1.0;15
1.0;15
1.0;15
1.0;15
1.0;15
1.0;15
1.0;17
1.0;17
1.0;15
1.0;15
1.0;15
1.0;15
1.0;17
1.0;17
1.0;19
1.0;19
1.0;15
1.0;15
1.0;15
1.0;15
1.0;15
1.0;15
1.0;17
1.0;17
1.0;15
1.0;15
1.0;15
1.0;15
1.0;21
1.0;21
1.0;15
1.0;15
1.0;23
1.0;23
1.0;19
1.0;19
1.0;17
1.0;17
1.0;17
1.0;17
1.0;17
1.0;17
1.0;19
1.0;19
1.0;15
1.0;15
1.0;15
1.0;15
1.0;17
1.0;17
1.0;17
1.0;17
1.0;17
1.0;17
0.0;12
0.0;12
1.0;15
1.0;15
1.0;17
1.0;17
1.0;15
1.0;15
1.0;15
1.0;15
1.0;15
1.0;15
1.0;17
1.0;17
1.0;19
1.0;19
1.0;17
1.0;17
0.0;10
0.0;10
1.0;15
1.0;15
1.0;16
1.0;16
1.0;19
1.0;19
1.0;17
1.0;17
1.0;15
1.0;15
1.0;17
1.0;17
1.0;23
1.0;23
1.0;19
1.0;19
1.0;15
1.0;15
1.0;16
1.0;16
1.0;15
1.0;15
1.0;15
1.0;15
1.0;17
1.0;17
1.0;17
1.0;17
1.0;15
1.0;15
1.0;21
1.0;21
1.0;23
1.0;23
1.0;15
1.0;15
1.0;17
1.0;17
1.0;15
1.0;15
1.0;25
1.0;25
1.0;15
1.0;15
1.0;19
1.0;19
1.0;15
1.0;15
1.0;19
1.0;19
1.0;15
1.0;15
1.0;17
1.0;17
1.0;17
1.0;17
1.0;15
1.0;15
1.0;15
1.0;15
1.0;17
1.0;17
1.0;19
1.0;19
1.0;21
1.0;21
1.0;15
1.0;15
1.0;21
1.0;21
1.0;19
1.0;19
1.0;17
1.0;17
1.0;15
1.0;15
1.0;17
1.0;17
1.0;15
1.0;15
0.0;10
0.0;10
1.0;17
1.0;17
1.0;19
1.0;19
1.0;17
1.0;17
1.0;21
1.0;21
1.0;17
1.0;17
1.0;15
1.0;15
0.0;10
0.0;10
1.0;15
1.0;15
1.0;21
1.0;21
0.0;10
0.0;10
1.0;15
1.0;15
1.0;19
1.0;19
1.0;23
1.0;23
1.0;17
1.0;17
1.0;17
1.0;17
1.0;19
1.0;19
1.0;17
1.0;17
0.0;10
0.0;10
1.0;15
1.0;15
1.0;15
1.0;15
0.0;10
0.0;10
1.0;15
1.0;15
1.0;15
1.0;15
1.0;15
1.0;15
1.0;15
1.0;15
1.0;15
1.0;15
1.0;16
1.0;16
1.0;19
1.0;19
1.0;22
1.0;22
1.0;19
1.0;19
1.0;15
1.0;15
1.0;21
1.0;21
1.0;15
1.0;15
1.0;15
1.0;15
1.0;15
1.0;15
1.0;20
1.0;20
1.0;17
1.0;17
1.0;15
1.0;15
1.0;17
1.0;17
1.0;15
1.0;15
1.0;19
1.0;19
1.0;15
1.0;15
1.0;21
1.0;21
1.0;15
1.0;15
1.0;17
1.0;17
1.0;15
1.0;15
1.0;19
1.0;19
0.0;12
0.0;12
1.0;15
1.0;15
1.0;19
1.0;19
1.0;17
1.0;17
1.0;15
1.0;15
1.0;17
1.0;17
1.0;16
1.0;16
1.0;15
1.0;15
1.0;17
1.0;17
1.0;15
1.0;15
1.0;19
1.0;19
1.0;19
1.0;19
1.0;17
1.0;17
1.0;15
1.0;15
0.0;11
0.0;11
1.0;18
1.0;18
1.0;15
1.0;15
1.0;15
1.0;15
0.0;10
0.0;10
1.0;15
1.0;15
0.0;10
0.0;10
1.0;15
1.0;15
1.0;21
1.0;21
1.0;23
1.0;23
1.0;15
1.0;15
1.0;15
1.0;15
1.0;16
1.0;16
1.0;17
1.0;17
1.0;17
1.0;17
1.0;19
1.0;19
1.0;16
1.0;16
1.0;17
1.0;17
1.0;17
1.0;17
1.0;17
1.0;17
1.0;17
1.0;17
1.0;17
1.0;17
1.0;23
1.0;23
1.0;19
1.0;19
1.0;17
1.0;17
1.0;15
1.0;15
0.0;10
0.0;10
1.0;19
1.0;19
1.0;15
1.0;15
1.0;16
1.0;16
0.0;14
0.0;14
0.0;10
0.0;10
1.0;17
1.0;17
1.0;19
1.0;19
1.0;17
1.0;17
1.0;17
1.0;17
1.0;17
1.0;17
1.0;15
1.0;15
1.0;17
1.0;17
1.0;15
1.0;15
1.0;19
1.0;19
1.0;17
1.0;17
