0.0;102
0.0;102
0.0;138
0.0;138
0.0;138
0.0;500
0.0;500
0.0;500
0.0;115
0.0;115
0.0;115
0.0;118
0.0;118
0.0;118
0.0;182
0.0;182
0.0;182
0.0;26
0.0;26
0.0;26
0.0;269
0.0;269
0.0;269
0.0;133
0.0;133
0.0;133
0.0;455
0.0;455
0.0;455
0.0;500
0.0;500
0.0;500
0.0;39
0.0;39
0.0;39
0.0;34
0.0;34
0.0;34
0.0;494
0.0;494
0.0;494
0.0;139
0.0;139
0.0;139
0.0;334
0.0;334
0.0;334
0.0;70
0.0;70
0.0;70
0.0;218
0.0;218
0.0;218
0.0;179
0.0;179
0.0;179
0.0;500
0.0;500
0.0;500
1.0;88
1.0;88
1.0;88
1.0;238
1.0;238
1.0;238
0.0;191
0.0;191
0.0;191
0.0;103
0.0;103
0.0;103
1.0;108
1.0;108
1.0;108
0.0;94
0.0;94
0.0;94
0.0;500
0.0;500
0.0;500
0.0;434
0.0;434
0.0;434
0.0;47
0.0;47
0.0;47
0.0;115
0.0;115
0.0;115
0.0;161
0.0;161
0.0;161
0.0;500
0.0;500
0.0;500
1.0;475
1.0;475
1.0;475
0.0;500
0.0;500
0.0;500
0.0;500
0.0;500
0.0;500
1.0;110
1.0;110
1.0;110
0.0;271
0.0;271
0.0;271
0.0;163
0.0;163
0.0;163
0.0;405
0.0;405
0.0;405
0.0;500
0.0;500
0.0;500
0.0;387
0.0;387
0.0;387
0.0;496
0.0;496
0.0;496
0.0;193
0.0;193
0.0;193
0.0;30
0.0;30
0.0;30
0.0;75
0.0;75
0.0;75
1.0;33
1.0;33
1.0;33
0.0;346
0.0;346
0.0;346
0.0;76
0.0;76
0.0;76
0.0;174
0.0;174
0.0;174
0.0;500
0.0;500
0.0;500
0.0;500
0.0;500
0.0;500
0.0;127
0.0;127
0.0;127
0.0;479
0.0;479
0.0;479
1.0;50
1.0;50
1.0;50
1.0;196
1.0;196
1.0;196
0.0;155
0.0;155
0.0;155
1.0;357
1.0;357
1.0;357
1.0;91
1.0;91
1.0;91
0.0;86
0.0;86
0.0;86
0.0;224
0.0;224
0.0;224
1.0;105
1.0;105
1.0;105
0.0;20
0.0;20
0.0;20
0.0;500
0.0;500
0.0;500
1.0;50
1.0;50
1.0;50
0.0;247
0.0;247
0.0;247
0.0;316
0.0;316
0.0;316
0.0;500
0.0;500
0.0;500
0.0;500
0.0;500
0.0;500
0.0;500
0.0;500
0.0;500
0.0;500
0.0;500
0.0;500
0.0;111
0.0;111
0.0;111
0.0;388
0.0;388
0.0;388
1.0;62
1.0;62
1.0;62
0.0;42
0.0;42
0.0;42
0.0;175
0.0;175
0.0;175
1.0;125
1.0;125
1.0;125
1.0;254
1.0;254
1.0;254
0.0;236
0.0;236
0.0;236
0.0;500
0.0;500
0.0;500
1.0;74
1.0;74
1.0;74
1.0;74
1.0;74
1.0;74
0.0;395
0.0;395
0.0;395
1.0;36
1.0;36
1.0;36
1.0;165
1.0;165
1.0;165
0.0;269
0.0;269
0.0;269
0.0;500
0.0;500
0.0;500
0.0;500
0.0;500
0.0;500
1.0;222
1.0;222
1.0;222
0.0;499
0.0;499
0.0;499
1.0;71
1.0;71
1.0;71
0.0;500
0.0;500
0.0;500
0.0;500
0.0;500
0.0;500
1.0;67
1.0;67
1.0;67
1.0;132
1.0;132
1.0;132
0.0;440
0.0;440
0.0;440
1.0;50
1.0;50
1.0;50
1.0;101
1.0;101
1.0;101
1.0;44
1.0;44
1.0;44
0.0;500
0.0;500
0.0;500
0.0;88
0.0;88
0.0;88
1.0;69
1.0;69
1.0;69
0.0;212
0.0;212
0.0;212
0.0;180
0.0;180
0.0;180
0.0;500
0.0;500
0.0;500
0.0;500
0.0;500
0.0;500
1.0;125
1.0;125
1.0;125
0.0;500
0.0;500
0.0;500
1.0;30
1.0;30
1.0;30
0.0;500
0.0;500
0.0;500
0.0;107
0.0;107
0.0;107
0.0;161
0.0;161
0.0;161
0.0;500
0.0;500
0.0;500
1.0;26
1.0;26
1.0;26
1.0;29
1.0;29
1.0;29
0.0;500
0.0;500
0.0;500
0.0;500
0.0;500
0.0;500
1.0;113
1.0;113
1.0;113
0.0;138
0.0;138
0.0;138
1.0;344
1.0;344
1.0;344
1.0;438
1.0;438
1.0;438
0.0;173
0.0;173
0.0;173
0.0;241
0.0;241
0.0;241
0.0;425
0.0;425
0.0;425
1.0;158
1.0;158
1.0;158
1.0;28
1.0;28
1.0;28
1.0;32
1.0;32
1.0;32
1.0;40
1.0;40
1.0;40
1.0;28
1.0;28
1.0;28
0.0;298
0.0;298
0.0;298
1.0;375
1.0;375
1.0;375
0.0;102
0.0;102
0.0;102
0.0;56
0.0;56
0.0;56
1.0;49
1.0;49
1.0;49
0.0;197
0.0;197
0.0;197
1.0;28
1.0;28
1.0;28
0.0;500
0.0;500
0.0;500
0.0;107
0.0;107
0.0;107
1.0;86
1.0;86
1.0;86
0.0;484
0.0;484
0.0;484
0.0;197
0.0;197
0.0;197
1.0;26
1.0;26
1.0;26
0.0;16
0.0;16
0.0;16
0.0;500
0.0;500
0.0;500
1.0;53
1.0;53
1.0;53
0.0;169
0.0;169
0.0;169
0.0;500
0.0;500
0.0;500
0.0;500
0.0;500
0.0;500
1.0;80
1.0;80
1.0;80
1.0;71
1.0;71
1.0;71
0.0;500
0.0;500
0.0;500
0.0;500
0.0;500
0.0;500
1.0;70
1.0;70
1.0;70
0.0;500
0.0;500
0.0;500
1.0;52
1.0;52
1.0;52
1.0;18
1.0;18
1.0;18
0.0;104
0.0;104
0.0;104
1.0;250
1.0;250
1.0;250
0.0;149
0.0;149
0.0;149
0.0;204
0.0;204
0.0;204
1.0;34
1.0;34
1.0;34
0.0;500
0.0;500
0.0;500
0.0;18
0.0;18
0.0;18
1.0;32
1.0;32
1.0;32
1.0;41
1.0;41
1.0;41
0.0;500
0.0;500
0.0;500
0.0;335
0.0;335
0.0;335
1.0;298
1.0;298
1.0;298
0.0;205
0.0;205
0.0;205
0.0;500
0.0;500
0.0;500
0.0;356
0.0;356
0.0;356
1.0;20
1.0;20
1.0;20
0.0;319
0.0;319
0.0;319
0.0;474
0.0;474
0.0;474
1.0;18
1.0;18
1.0;18
1.0;51
1.0;51
1.0;51
0.0;69
0.0;69
0.0;69
1.0;16
1.0;16
1.0;16
1.0;89
1.0;89
1.0;89
1.0;64
1.0;64
1.0;64
0.0;500
0.0;500
0.0;500
1.0;63
1.0;63
1.0;63
0.0;500
0.0;500
0.0;500
1.0;18
1.0;18
1.0;18
0.0;446
0.0;446
0.0;446
1.0;25
1.0;25
1.0;25
0.0;55
0.0;55
0.0;55
0.0;12
0.0;12
0.0;12
1.0;26
1.0;26
1.0;26
0.0;459
0.0;459
0.0;459
1.0;48
1.0;48
1.0;48
0.0;14
0.0;14
0.0;14
1.0;94
1.0;94
1.0;94
0.0;500
0.0;500
0.0;500
1.0;36
1.0;36
1.0;36
1.0;86
1.0;86
1.0;86
0.0;500
0.0;500
0.0;500
1.0;12
1.0;12
1.0;12
0.0;380
0.0;380
0.0;380
1.0;26
1.0;26
1.0;26
1.0;20
1.0;20
1.0;20
1.0;60
1.0;60
1.0;60
0.0;250
0.0;250
0.0;250
1.0;178
1.0;178
1.0;178
0.0;244
0.0;244
0.0;244
1.0;32
1.0;32
1.0;32
0.0;223
0.0;223
0.0;223
1.0;18
1.0;18
1.0;18
0.0;500
0.0;500
0.0;500
0.0;500
0.0;500
0.0;500
1.0;12
1.0;12
1.0;12
1.0;27
1.0;27
1.0;27
1.0;14
1.0;14
1.0;14
0.0;235
0.0;235
0.0;235
1.0;333
1.0;333
1.0;333
1.0;26
1.0;26
1.0;26
0.0;500
0.0;500
0.0;500
1.0;14
1.0;14
1.0;14
1.0;22
1.0;22
1.0;22
1.0;14
1.0;14
1.0;14
1.0;44
1.0;44
1.0;44
0.0;500
0.0;500
0.0;500
1.0;36
1.0;36
1.0;36
1.0;12
1.0;12
1.0;12
0.0;14
0.0;14
0.0;14
1.0;12
1.0;12
1.0;12
1.0;14
1.0;14
1.0;14
1.0;12
1.0;12
1.0;12
1.0;12
1.0;12
1.0;12
0.0;500
0.0;500
0.0;500
1.0;14
1.0;14
1.0;14
1.0;12
1.0;12
1.0;12
1.0;18
1.0;18
1.0;18
1.0;16
1.0;16
1.0;16
0.0;14
0.0;14
0.0;14
1.0;16
1.0;16
1.0;16
0.0;18
0.0;18
0.0;18
1.0;14
1.0;14
1.0;14
1.0;12
1.0;12
1.0;12
1.0;12
1.0;12
1.0;12
1.0;14
1.0;14
1.0;14
1.0;14
1.0;14
1.0;14
1.0;12
1.0;12
1.0;12
1.0;12
1.0;12
1.0;12
1.0;18
1.0;18
1.0;18
1.0;14
1.0;14
1.0;14
0.0;295
0.0;295
0.0;295
1.0;12
1.0;12
1.0;12
0.0;500
0.0;500
0.0;500
0.0;500
0.0;500
0.0;500
1.0;16
1.0;16
1.0;16
1.0;18
1.0;18
1.0;18
1.0;18
1.0;18
1.0;18
1.0;12
1.0;12
1.0;12
1.0;20
1.0;20
1.0;20
1.0;16
1.0;16
1.0;16
1.0;14
1.0;14
1.0;14
1.0;12
1.0;12
1.0;12
1.0;12
1.0;12
1.0;12
1.0;14
1.0;14
1.0;14
1.0;12
1.0;12
1.0;12
1.0;12
1.0;12
1.0;12
1.0;14
1.0;14
1.0;14
1.0;12
1.0;12
1.0;12
1.0;14
1.0;14
1.0;14
1.0;14
1.0;14
1.0;14
1.0;12
1.0;12
1.0;12
1.0;14
1.0;14
1.0;14
1.0;12
1.0;12
1.0;12
1.0;12
1.0;12
1.0;12
1.0;14
1.0;14
1.0;14
1.0;12
1.0;12
1.0;12
1.0;14
1.0;14
1.0;14
1.0;14
1.0;14
1.0;14
1.0;14
1.0;14
1.0;14
1.0;20
1.0;20
1.0;20
1.0;18
1.0;18
1.0;18
1.0;14
1.0;14
1.0;14
1.0;14
1.0;14
1.0;14
1.0;16
1.0;16
1.0;16
1.0;12
1.0;12
1.0;12
1.0;12
1.0;12
1.0;12
1.0;14
1.0;14
1.0;14
1.0;18
1.0;18
1.0;18
1.0;14
1.0;14
1.0;14
1.0;14
1.0;14
1.0;14
1.0;14
1.0;14
1.0;14
1.0;26
1.0;26
1.0;26
1.0;14
1.0;14
1.0;14
1.0;14
1.0;14
1.0;14
1.0;16
1.0;16
1.0;16
1.0;14
1.0;14
1.0;14
1.0;12
1.0;12
1.0;12
1.0;12
1.0;12
1.0;12
1.0;12
1.0;12
1.0;12
1.0;14
1.0;14
1.0;14
1.0;14
1.0;14
1.0;14
1.0;14
1.0;14
1.0;14
1.0;14
1.0;14
1.0;14
1.0;14
1.0;14
1.0;14
1.0;12
1.0;12
1.0;12
1.0;12
1.0;12
1.0;12
0.0;12
0.0;12
0.0;12
1.0;12
1.0;12
1.0;12
1.0;14
1.0;14
1.0;14
1.0;14
1.0;14
1.0;14
1.0;16
1.0;16
1.0;16
1.0;14
1.0;14
1.0;14
1.0;12
1.0;12
1.0;12
1.0;16
1.0;16
1.0;16
1.0;12
1.0;12
1.0;12
1.0;12
1.0;12
1.0;12
0.0;12
0.0;12
0.0;12
1.0;14
1.0;14
1.0;14
1.0;12
1.0;12
1.0;12
1.0;12
1.0;12
1.0;12
1.0;12
1.0;12
1.0;12
1.0;12
1.0;12
1.0;12
1.0;16
1.0;16
1.0;16
1.0;12
1.0;12
1.0;12
1.0;14
1.0;14
1.0;14
1.0;14
1.0;14
1.0;14
1.0;12
1.0;12
1.0;12
1.0;12
1.0;12
1.0;12
1.0;12
1.0;12
1.0;12
1.0;14
1.0;14
1.0;14
1.0;16
1.0;16
1.0;16
1.0;14
1.0;14
1.0;14
0.0;16
0.0;16
0.0;16
1.0;14
1.0;14
1.0;14
1.0;12
1.0;12
1.0;12
1.0;12
1.0;12
1.0;12
0.0;10
0.0;10
0.0;10
1.0;12
1.0;12
1.0;12
1.0;12
1.0;12
1.0;12
1.0;20
1.0;20
1.0;20
1.0;14
1.0;14
1.0;14
1.0;16
1.0;16
1.0;16
1.0;12
1.0;12
1.0;12
1.0;14
1.0;14
1.0;14
1.0;16
1.0;16
1.0;16
1.0;14
1.0;14
1.0;14
1.0;14
1.0;14
1.0;14
1.0;12
1.0;12
1.0;12
1.0;12
1.0;12
1.0;12
1.0;12
1.0;12
1.0;12
1.0;16
1.0;16
1.0;16
1.0;14
1.0;14
1.0;14
1.0;16
1.0;16
1.0;16
1.0;16
1.0;16
1.0;16
1.0;18
1.0;18
1.0;18
1.0;16
1.0;16
1.0;16
1.0;14
1.0;14
1.0;14
1.0;14
1.0;14
1.0;14
1.0;12
1.0;12
1.0;12
1.0;12
1.0;12
1.0;12
1.0;12
1.0;12
1.0;12
1.0;12
1.0;12
1.0;12
1.0;14
1.0;14
1.0;14
1.0;14
1.0;14
1.0;14
1.0;12
1.0;12
1.0;12
1.0;12
1.0;12
1.0;12
1.0;14
1.0;14
1.0;14
1.0;12
1.0;12
1.0;12
1.0;14
1.0;14
1.0;14
1.0;16
1.0;16
1.0;16
1.0;16
1.0;16
1.0;16
1.0;12
1.0;12
1.0;12
1.0;14
1.0;14
1.0;14
1.0;12
1.0;12
1.0;12
1.0;14
1.0;14
1.0;14
1.0;12
1.0;12
1.0;12
1.0;12
1.0;12
1.0;12
1.0;16
1.0;16
1.0;16
1.0;14
1.0;14
1.0;14
1.0;14
1.0;14
1.0;14
1.0;14
1.0;14
1.0;14
1.0;12
1.0;12
1.0;12
1.0;16
1.0;16
1.0;16
1.0;16
1.0;16
1.0;16
1.0;14
1.0;14
1.0;14
1.0;18
1.0;18
1.0;18
1.0;16
1.0;16
1.0;16
1.0;12
1.0;12
1.0;12
1.0;16
1.0;16
1.0;16
1.0;12
1.0;12
1.0;12
1.0;14
1.0;14
1.0;14
1.0;12
1.0;12
1.0;12
1.0;12
1.0;12
1.0;12
1.0;16
1.0;16
1.0;16
1.0;12
1.0;12
1.0;12
1.0;14
1.0;14
1.0;14
1.0;12
1.0;12
1.0;12
1.0;12
1.0;12
1.0;12
1.0;16
1.0;16
1.0;16
1.0;12
1.0;12
1.0;12
1.0;18
1.0;18
1.0;18
1.0;16
1.0;16
1.0;16
1.0;14
1.0;14
1.0;14
1.0;16
1.0;16
1.0;16
1.0;12
1.0;12
1.0;12
1.0;18
1.0;18
1.0;18
1.0;12
1.0;12
1.0;12
1.0;14
1.0;14
1.0;14
1.0;12
1.0;12
1.0;12
1.0;14
1.0;14
1.0;14
1.0;18
1.0;18
1.0;18
1.0;16
1.0;16
1.0;16
1.0;20
1.0;20
1.0;20
1.0;12
1.0;12
1.0;12
1.0;12
1.0;12
1.0;12
1.0;16
1.0;16
1.0;16
1.0;14
1.0;14
1.0;14
1.0;14
1.0;14
1.0;14
1.0;18
1.0;18
1.0;18
1.0;14
1.0;14
1.0;14
1.0;14
1.0;14
1.0;14
1.0;12
1.0;12
1.0;12
1.0;14
1.0;14
1.0;14
1.0;14
1.0;14
1.0;14
1.0;12
1.0;12
1.0;12
1.0;14
1.0;14
1.0;14
1.0;12
1.0;12
1.0;12
1.0;18
1.0;18
1.0;18
1.0;12
1.0;12
1.0;12
1.0;16
1.0;16
1.0;16
1.0;12
1.0;12
1.0;12
0.0;10
0.0;10
0.0;10
1.0;18
1.0;18
1.0;18
1.0;12
1.0;12
1.0;12
1.0;12
1.0;12
1.0;12
1.0;18
1.0;18
1.0;18
1.0;12
1.0;12
1.0;12
1.0;12
1.0;12
1.0;12
1.0;18
1.0;18
1.0;18
1.0;46
1.0;46
1.0;46
1.0;18
1.0;18
1.0;18
1.0;12
1.0;12
1.0;12
1.0;12
1.0;12
1.0;12
1.0;14
1.0;14
1.0;14
1.0;16
1.0;16
1.0;16
1.0;14
1.0;14
1.0;14
1.0;14
1.0;14
1.0;14
1.0;14
1.0;14
1.0;14
1.0;12
1.0;12
1.0;12
0.0;10
0.0;10
0.0;10
1.0;12
1.0;12
1.0;12
1.0;14
1.0;14
1.0;14
1.0;18
1.0;18
1.0;18
1.0;16
1.0;16
1.0;16
1.0;12
1.0;12
1.0;12
1.0;12
1.0;12
1.0;12
1.0;16
1.0;16
1.0;16
1.0;14
1.0;14
1.0;14
1.0;12
1.0;12
1.0;12
1.0;14
1.0;14
1.0;14
1.0;16
1.0;16
1.0;16
1.0;16
1.0;16
1.0;16
1.0;12
1.0;12
1.0;12
1.0;12
1.0;12
1.0;12
1.0;12
1.0;12
1.0;12
1.0;12
1.0;12
1.0;12
1.0;12
1.0;12
1.0;12
1.0;12
1.0;12
1.0;12
1.0;18
1.0;18
1.0;18
1.0;14
1.0;14
1.0;14
1.0;16
1.0;16
1.0;16
1.0;12
1.0;12
1.0;12
1.0;12
1.0;12
1.0;12
1.0;16
1.0;16
1.0;16
1.0;16
1.0;16
1.0;16
1.0;12
1.0;12
1.0;12
1.0;12
1.0;12
1.0;12
1.0;38
1.0;38
1.0;38
1.0;16
1.0;16
1.0;16
1.0;14
1.0;14
1.0;14
1.0;18
1.0;18
1.0;18
1.0;12
1.0;12
1.0;12
1.0;12
1.0;12
1.0;12
1.0;20
1.0;20
1.0;20
1.0;14
1.0;14
1.0;14
1.0;12
1.0;12
1.0;12
1.0;14
1.0;14
1.0;14
1.0;12
1.0;12
1.0;12
1.0;12
1.0;12
1.0;12
1.0;12
1.0;12
1.0;12
1.0;14
1.0;14
1.0;14
1.0;14
1.0;14
1.0;14
1.0;14
1.0;14
1.0;14
1.0;16
1.0;16
1.0;16
1.0;16
1.0;16
1.0;16
1.0;12
1.0;12
1.0;12
1.0;18
1.0;18
1.0;18
1.0;24
1.0;24
1.0;24
1.0;12
1.0;12
1.0;12
1.0;18
1.0;18
1.0;18
1.0;14
1.0;14
1.0;14
1.0;14
1.0;14
1.0;14
1.0;12
1.0;12
1.0;12
1.0;12
1.0;12
1.0;12
1.0;14
1.0;14
1.0;14
1.0;14
1.0;14
1.0;14
1.0;12
1.0;12
1.0;12
1.0;18
1.0;18
1.0;18
1.0;16
1.0;16
1.0;16
1.0;16
1.0;16
1.0;16
1.0;16
1.0;16
1.0;16
1.0;18
1.0;18
1.0;18
1.0;14
1.0;14
1.0;14
1.0;14
1.0;14
1.0;14
1.0;12
1.0;12
1.0;12
1.0;12
1.0;12
1.0;12
1.0;14
1.0;14
1.0;14
1.0;14
1.0;14
1.0;14
1.0;12
1.0;12
1.0;12
1.0;14
1.0;14
1.0;14
1.0;12
1.0;12
1.0;12
1.0;14
1.0;14
1.0;14
1.0;14
1.0;14
1.0;14
1.0;12
1.0;12
1.0;12
1.0;18
1.0;18
1.0;18
1.0;16
1.0;16
1.0;16
1.0;20
1.0;20
1.0;20
1.0;18
1.0;18
1.0;18
1.0;18
1.0;18
1.0;18
1.0;12
1.0;12
1.0;12
1.0;14
1.0;14
1.0;14
0.0;12
0.0;12
0.0;12
1.0;12
1.0;12
1.0;12
1.0;12
1.0;12
1.0;12
1.0;14
1.0;14
1.0;14
1.0;14
1.0;14
1.0;14
1.0;12
1.0;12
1.0;12
1.0;16
1.0;16
1.0;16
1.0;26
1.0;26
1.0;26
1.0;14
1.0;14
1.0;14
1.0;12
1.0;12
1.0;12
1.0;16
1.0;16
1.0;16
1.0;12
1.0;12
1.0;12
1.0;12
1.0;12
1.0;12
1.0;20
1.0;20
1.0;20
1.0;12
1.0;12
1.0;12
1.0;14
1.0;14
1.0;14
1.0;16
1.0;16
1.0;16
1.0;12
1.0;12
1.0;12
1.0;12
1.0;12
1.0;12
1.0;14
1.0;14
1.0;14
1.0;12
1.0;12
1.0;12
1.0;12
1.0;12
1.0;12
1.0;12
1.0;12
1.0;12
1.0;12
1.0;12
1.0;12
1.0;12
1.0;12
1.0;12
1.0;14
1.0;14
1.0;14
1.0;12
1.0;12
1.0;12
1.0;16
1.0;16
1.0;16
1.0;16
1.0;16
1.0;16
1.0;12
1.0;12
1.0;12
1.0;14
1.0;14
1.0;14
1.0;14
1.0;14
1.0;14
1.0;12
1.0;12
1.0;12
1.0;16
1.0;16
1.0;16
1.0;14
1.0;14
1.0;14
1.0;12
1.0;12
1.0;12
1.0;18
1.0;18
1.0;18
1.0;14
1.0;14
1.0;14
1.0;16
1.0;16
1.0;16
1.0;23
1.0;23
1.0;23
1.0;14
1.0;14
1.0;14
1.0;16
1.0;16
1.0;16
1.0;16
1.0;16
1.0;16
1.0;16
1.0;16
1.0;16
1.0;12
1.0;12
1.0;12
1.0;14
1.0;14
1.0;14
1.0;14
1.0;14
1.0;14
1.0;16
1.0;16
1.0;16
1.0;14
1.0;14
1.0;14
1.0;12
1.0;12
1.0;12
1.0;14
1.0;14
1.0;14
1.0;12
1.0;12
1.0;12
1.0;14
1.0;14
1.0;14
1.0;22
1.0;22
1.0;22
1.0;12
1.0;12
1.0;12
1.0;12
1.0;12
1.0;12
1.0;12
1.0;12
1.0;12
1.0;18
1.0;18
1.0;18
1.0;12
1.0;12
1.0;12
1.0;14
1.0;14
1.0;14
1.0;12
1.0;12
1.0;12
1.0;12
1.0;12
1.0;12
1.0;12
1.0;12
1.0;12
1.0;18
1.0;18
1.0;18
1.0;12
1.0;12
1.0;12
1.0;16
1.0;16
1.0;16
1.0;12
1.0;12
1.0;12
1.0;12
1.0;12
1.0;12
1.0;14
1.0;14
1.0;14
1.0;20
1.0;20
1.0;20
1.0;12
1.0;12
1.0;12
1.0;12
1.0;12
1.0;12
1.0;14
1.0;14
1.0;14
1.0;16
1.0;16
1.0;16
1.0;24
1.0;24
1.0;24
0.0;10
0.0;10
0.0;10
1.0;16
1.0;16
1.0;16
1.0;14
1.0;14
1.0;14
1.0;14
1.0;14
1.0;14
1.0;14
1.0;14
1.0;14
1.0;14
1.0;14
1.0;14
1.0;14
1.0;14
1.0;14
1.0;18
1.0;18
1.0;18
1.0;12
1.0;12
1.0;12
1.0;14
1.0;14
1.0;14
1.0;20
1.0;20
1.0;20
1.0;12
1.0;12
1.0;12
1.0;12
1.0;12
1.0;12
1.0;16
1.0;16
1.0;16
1.0;14
1.0;14
1.0;14
1.0;12
1.0;12
1.0;12
1.0;12
1.0;12
1.0;12
1.0;14
1.0;14
1.0;14
1.0;12
1.0;12
1.0;12
1.0;12
1.0;12
1.0;12
1.0;12
1.0;12
1.0;12
1.0;12
1.0;12
1.0;12
1.0;12
1.0;12
1.0;12
1.0;12
1.0;12
1.0;12
1.0;12
1.0;12
1.0;12
1.0;14
1.0;14
1.0;14
1.0;12
1.0;12
1.0;12
1.0;18
1.0;18
1.0;18
1.0;12
1.0;12
1.0;12
1.0;18
1.0;18
1.0;18
1.0;14
1.0;14
1.0;14
1.0;16
1.0;16
1.0;16
1.0;12
1.0;12
1.0;12
1.0;12
1.0;12
1.0;12
1.0;16
1.0;16
1.0;16
1.0;14
1.0;14
1.0;14
1.0;12
1.0;12
1.0;12
1.0;16
1.0;16
1.0;16
0.0;10
0.0;10
0.0;10
1.0;14
1.0;14
1.0;14
1.0;14
1.0;14
1.0;14
1.0;18
1.0;18
1.0;18
1.0;12
1.0;12
1.0;12
1.0;16
1.0;16
1.0;16
1.0;12
1.0;12
1.0;12
1.0;14
1.0;14
1.0;14
1.0;12
1.0;12
1.0;12
1.0;14
1.0;14
1.0;14
1.0;14
1.0;14
1.0;14
1.0;12
1.0;12
1.0;12
1.0;18
1.0;18
1.0;18
0.0;12
0.0;12
0.0;12
1.0;12
1.0;12
1.0;12
1.0;14
1.0;14
1.0;14
0.0;14
0.0;14
0.0;14
1.0;16
1.0;16
1.0;16
1.0;12
1.0;12
1.0;12
1.0;14
1.0;14
1.0;14
1.0;14
1.0;14
1.0;14
0.0;10
0.0;10
0.0;10
1.0;16
1.0;16
1.0;16
1.0;12
1.0;12
1.0;12
1.0;12
1.0;12
1.0;12
1.0;14
1.0;14
1.0;14
1.0;14
1.0;14
1.0;14
1.0;14
1.0;14
1.0;14
1.0;16
1.0;16
1.0;16
1.0;16
1.0;16
1.0;16
1.0;20
1.0;20
1.0;20
1.0;14
1.0;14
1.0;14
1.0;12
1.0;12
1.0;12
1.0;14
1.0;14
1.0;14
1.0;14
1.0;14
1.0;14
1.0;12
1.0;12
1.0;12
1.0;14
1.0;14
1.0;14
1.0;14
1.0;14
1.0;14
1.0;16
1.0;16
1.0;16
1.0;14
1.0;14
1.0;14
1.0;14
1.0;14
1.0;14
1.0;18
1.0;18
1.0;18
1.0;16
1.0;16
1.0;16
1.0;12
1.0;12
1.0;12
1.0;12
1.0;12
1.0;12
1.0;22
1.0;22
1.0;22
1.0;14
1.0;14
1.0;14
1.0;12
1.0;12
1.0;12
1.0;12
1.0;12
1.0;12
1.0;16
1.0;16
1.0;16
0.0;10
0.0;10
0.0;10
1.0;18
1.0;18
1.0;18
1.0;12
1.0;12
1.0;12
1.0;14
1.0;14
1.0;14
1.0;12
1.0;12
1.0;12
1.0;12
1.0;12
1.0;12
1.0;16
1.0;16
1.0;16
1.0;14
1.0;14
1.0;14
1.0;14
1.0;14
1.0;14
1.0;20
1.0;20
1.0;20
1.0;16
1.0;16
1.0;16
1.0;18
1.0;18
1.0;18
1.0;14
1.0;14
1.0;14
1.0;12
1.0;12
1.0;12
1.0;14
1.0;14
1.0;14
1.0;16
1.0;16
1.0;16
1.0;24
1.0;24
1.0;24
1.0;14
1.0;14
1.0;14
1.0;12
1.0;12
1.0;12
1.0;14
1.0;14
1.0;14
1.0;12
1.0;12
1.0;12
1.0;12
1.0;12
1.0;12
1.0;12
1.0;12
1.0;12
1.0;12
1.0;12
1.0;12
0.0;12
0.0;12
0.0;12
0.0;14
0.0;14
0.0;14
1.0;12
1.0;12
1.0;12
1.0;14
1.0;14
1.0;14
1.0;16
1.0;16
1.0;16
1.0;12
1.0;12
1.0;12
1.0;12
1.0;12
1.0;12
1.0;12
1.0;12
1.0;12
1.0;18
1.0;18
1.0;18
1.0;12
1.0;12
1.0;12
1.0;14
1.0;14
1.0;14
1.0;12
1.0;12
1.0;12
1.0;16
1.0;16
1.0;16
1.0;14
1.0;14
1.0;14
1.0;12
1.0;12
1.0;12
1.0;14
1.0;14
1.0;14
1.0;12
1.0;12
1.0;12
1.0;16
1.0;16
1.0;16
1.0;12
1.0;12
1.0;12
1.0;12
1.0;12
1.0;12
1.0;14
1.0;14
1.0;14
1.0;14
1.0;14
1.0;14
1.0;12
1.0;12
1.0;12
1.0;12
1.0;12
1.0;12
1.0;14
1.0;14
1.0;14
0.0;12
0.0;12
0.0;12
1.0;16
1.0;16
1.0;16
1.0;12
1.0;12
1.0;12
1.0;14
1.0;14
1.0;14
1.0;14
1.0;14
1.0;14
1.0;14
1.0;14
1.0;14
1.0;14
1.0;14
1.0;14
1.0;14
1.0;14
1.0;14
1.0;14
1.0;14
1.0;14
1.0;14
1.0;14
1.0;14
1.0;14
1.0;14
1.0;14
1.0;14
1.0;14
1.0;14
1.0;12
1.0;12
1.0;12
1.0;12
1.0;12
1.0;12
1.0;12
1.0;12
1.0;12
1.0;20
1.0;20
1.0;20
1.0;16
1.0;16
1.0;16
1.0;16
1.0;16
1.0;16
0.0;10
0.0;10
0.0;10
1.0;14
1.0;14
1.0;14
1.0;12
1.0;12
1.0;12
1.0;16
1.0;16
1.0;16
1.0;12
1.0;12
1.0;12
1.0;12
1.0;12
1.0;12
1.0;12
1.0;12
1.0;12
1.0;14
1.0;14
1.0;14
1.0;12
1.0;12
1.0;12
1.0;14
1.0;14
1.0;14
1.0;14
1.0;14
1.0;14
0.0;12
0.0;12
0.0;12
1.0;12
1.0;12
1.0;12
1.0;12
1.0;12
1.0;12
1.0;12
1.0;12
1.0;12
1.0;12
1.0;12
1.0;12
1.0;14
1.0;14
1.0;14
1.0;12
1.0;12
1.0;12
1.0;16
1.0;16
1.0;16
1.0;12
1.0;12
1.0;12
1.0;14
1.0;14
1.0;14
1.0;12
1.0;12
1.0;12
1.0;14
1.0;14
1.0;14
1.0;12
1.0;12
1.0;12
1.0;12
1.0;12
1.0;12
1.0;20
1.0;20
1.0;20
1.0;12
1.0;12
1.0;12
1.0;14
1.0;14
1.0;14
1.0;12
1.0;12
1.0;12
0.0;10
0.0;10
0.0;10
1.0;14
1.0;14
1.0;14
0.0;10
0.0;10
0.0;10
1.0;20
1.0;20
1.0;20
1.0;12
1.0;12
1.0;12
1.0;12
1.0;12
1.0;12
1.0;12
1.0;12
1.0;12
1.0;12
1.0;12
1.0;12
1.0;12
1.0;12
1.0;12
1.0;12
1.0;12
1.0;12
1.0;12
1.0;12
1.0;12
1.0;14
1.0;14
1.0;14
1.0;16
1.0;16
1.0;16
1.0;22
1.0;22
1.0;22
1.0;14
1.0;14
1.0;14
1.0;16
1.0;16
1.0;16
1.0;12
1.0;12
1.0;12
1.0;14
1.0;14
1.0;14
1.0;14
1.0;14
1.0;14
1.0;14
1.0;14
1.0;14
1.0;18
1.0;18
1.0;18
1.0;12
1.0;12
1.0;12
0.0;10
0.0;10
0.0;10
1.0;16
1.0;16
1.0;16
1.0;14
1.0;14
1.0;14
1.0;12
1.0;12
1.0;12
1.0;12
1.0;12
1.0;12
1.0;18
1.0;18
1.0;18
1.0;24
1.0;24
1.0;24
1.0;14
1.0;14
1.0;14
1.0;16
1.0;16
1.0;16
1.0;14
1.0;14
1.0;14
1.0;14
1.0;14
1.0;14
1.0;12
1.0;12
1.0;12
1.0;16
1.0;16
1.0;16
1.0;12
1.0;12
1.0;12
1.0;16
1.0;16
1.0;16
1.0;16
1.0;16
1.0;16
1.0;12
1.0;12
1.0;12
1.0;12
1.0;12
1.0;12
1.0;12
1.0;12
1.0;12
1.0;14
1.0;14
1.0;14
1.0;14
1.0;14
1.0;14
0.0;14
0.0;14
0.0;14
1.0;12
1.0;12
1.0;12
1.0;12
1.0;12
1.0;12
1.0;12
1.0;12
1.0;12
0.0;12
0.0;12
0.0;12
1.0;12
1.0;12
1.0;12
1.0;12
1.0;12
1.0;12
1.0;12
1.0;12
1.0;12
1.0;12
1.0;12
1.0;12
1.0;12
1.0;12
1.0;12
1.0;12
1.0;12
1.0;12
1.0;12
1.0;12
1.0;12
1.0;14
1.0;14
1.0;14
1.0;12
1.0;12
1.0;12
1.0;14
1.0;14
1.0;14
1.0;16
1.0;16
1.0;16
1.0;14
1.0;14
1.0;14
1.0;12
1.0;12
1.0;12
1.0;14
1.0;14
1.0;14
1.0;18
1.0;18
1.0;18
1.0;12
1.0;12
1.0;12
1.0;16
1.0;16
1.0;16
1.0;14
1.0;14
1.0;14
1.0;14
1.0;14
1.0;14
1.0;14
1.0;14
1.0;14
1.0;12
1.0;12
1.0;12
0.0;10
0.0;10
0.0;10
1.0;12
1.0;12
1.0;12
1.0;12
1.0;12
1.0;12
1.0;14
1.0;14
1.0;14
1.0;12
1.0;12
1.0;12
1.0;14
1.0;14
1.0;14
1.0;14
1.0;14
1.0;14
1.0;12
1.0;12
1.0;12
1.0;14
1.0;14
1.0;14
1.0;16
1.0;16
1.0;16
1.0;12
1.0;12
1.0;12
1.0;18
1.0;18
1.0;18
0.0;10
0.0;10
0.0;10
1.0;16
1.0;16
1.0;16
0.0;12
0.0;12
0.0;12
1.0;12
1.0;12
1.0;12
1.0;18
1.0;18
1.0;18
1.0;14
1.0;14
1.0;14
1.0;12
1.0;12
1.0;12
1.0;24
1.0;24
1.0;24
1.0;12
1.0;12
1.0;12
1.0;12
1.0;12
1.0;12
1.0;12
1.0;12
1.0;12
1.0;16
1.0;16
1.0;16
1.0;16
1.0;16
1.0;16
1.0;12
1.0;12
1.0;12
1.0;12
1.0;12
1.0;12
1.0;14
1.0;14
1.0;14
1.0;12
1.0;12
1.0;12
1.0;12
1.0;12
1.0;12
1.0;14
1.0;14
1.0;14
1.0;14
1.0;14
1.0;14
1.0;16
1.0;16
1.0;16
1.0;14
1.0;14
1.0;14
1.0;12
1.0;12
1.0;12
1.0;18
1.0;18
1.0;18
1.0;18
1.0;18
1.0;18
1.0;16
1.0;16
1.0;16
1.0;14
1.0;14
1.0;14
1.0;14
1.0;14
1.0;14
1.0;14
1.0;14
1.0;14
1.0;14
1.0;14
1.0;14
1.0;18
1.0;18
1.0;18
1.0;12
1.0;12
1.0;12
1.0;20
1.0;20
1.0;20
1.0;12
1.0;12
1.0;12
1.0;16
1.0;16
1.0;16
1.0;22
1.0;22
1.0;22
1.0;12
1.0;12
1.0;12
1.0;12
1.0;12
1.0;12
1.0;12
1.0;12
1.0;12
1.0;12
1.0;12
1.0;12
1.0;16
1.0;16
1.0;16
1.0;14
1.0;14
1.0;14
1.0;14
1.0;14
1.0;14
1.0;14
1.0;14
1.0;14
1.0;12
1.0;12
1.0;12
1.0;12
1.0;12
1.0;12
1.0;12
1.0;12
1.0;12
1.0;16
1.0;16
1.0;16
1.0;14
1.0;14
1.0;14
1.0;18
1.0;18
1.0;18
1.0;16
1.0;16
1.0;16
1.0;14
1.0;14
1.0;14
1.0;14
1.0;14
1.0;14
1.0;14
1.0;14
1.0;14
1.0;14
1.0;14
1.0;14
1.0;14
1.0;14
1.0;14
1.0;14
1.0;14
1.0;14
1.0;14
1.0;14
1.0;14
0.0;12
0.0;12
0.0;12
1.0;12
1.0;12
1.0;12
1.0;18
1.0;18
1.0;18
1.0;18
1.0;18
1.0;18
1.0;14
1.0;14
1.0;14
1.0;12
1.0;12
1.0;12
1.0;16
1.0;16
1.0;16
0.0;10
0.0;10
0.0;10
1.0;14
1.0;14
1.0;14
1.0;14
1.0;14
1.0;14
1.0;16
1.0;16
1.0;16
1.0;16
1.0;16
1.0;16
0.0;12
0.0;12
0.0;12
1.0;18
1.0;18
1.0;18
0.0;10
0.0;10
0.0;10
1.0;18
1.0;18
1.0;18
1.0;12
1.0;12
1.0;12
1.0;16
1.0;16
1.0;16
1.0;22
1.0;22
1.0;22
1.0;18
1.0;18
1.0;18
1.0;12
1.0;12
1.0;12
1.0;14
1.0;14
1.0;14
1.0;14
1.0;14
1.0;14
1.0;12
1.0;12
1.0;12
1.0;12
1.0;12
1.0;12
1.0;16
1.0;16
1.0;16
1.0;14
1.0;14
1.0;14
1.0;14
1.0;14
1.0;14
1.0;14
1.0;14
1.0;14
1.0;14
1.0;14
1.0;14
1.0;12
1.0;12
1.0;12
1.0;22
1.0;22
1.0;22
1.0;14
1.0;14
1.0;14
1.0;16
1.0;16
1.0;16
1.0;12
1.0;12
1.0;12
1.0;20
1.0;20
1.0;20
1.0;12
1.0;12
1.0;12
1.0;16
1.0;16
1.0;16
1.0;12
1.0;12
1.0;12
1.0;16
1.0;16
1.0;16
1.0;12
1.0;12
1.0;12
1.0;16
1.0;16
1.0;16
1.0;14
1.0;14
1.0;14
1.0;20
1.0;20
1.0;20
1.0;14
1.0;14
1.0;14
1.0;14
1.0;14
1.0;14
1.0;16
1.0;16
1.0;16
1.0;12
1.0;12
1.0;12
1.0;12
1.0;12
1.0;12
1.0;12
1.0;12
1.0;12
1.0;18
1.0;18
1.0;18
1.0;12
1.0;12
1.0;12
1.0;14
1.0;14
1.0;14
1.0;12
1.0;12
1.0;12
1.0;12
1.0;12
1.0;12
1.0;12
1.0;12
1.0;12
1.0;14
1.0;14
1.0;14
1.0;14
1.0;14
1.0;14
1.0;14
1.0;14
1.0;14
1.0;18
1.0;18
1.0;18
1.0;16
1.0;16
1.0;16
1.0;14
1.0;14
1.0;14
1.0;12
1.0;12
1.0;12
1.0;16
1.0;16
1.0;16
1.0;16
1.0;16
1.0;16
1.0;14
1.0;14
1.0;14
1.0;12
1.0;12
1.0;12
1.0;12
1.0;12
1.0;12
1.0;16
1.0;16
1.0;16
1.0;12
1.0;12
1.0;12
1.0;12
1.0;12
1.0;12
1.0;12
1.0;12
1.0;12
1.0;22
1.0;22
1.0;22
1.0;14
1.0;14
1.0;14
1.0;20
1.0;20
1.0;20
1.0;14
1.0;14
1.0;14
