0.0;182
0.0;182
0.0;210
0.0;210
0.0;210
1.0;433
1.0;433
1.0;433
0.0;124
0.0;124
0.0;124
0.0;178
0.0;178
0.0;178
0.0;25
0.0;25
0.0;25
0.0;293
0.0;293
0.0;293
0.0;46
0.0;46
0.0;46
0.0;156
0.0;156
0.0;156
0.0;20
0.0;20
0.0;20
0.0;15
0.0;15
0.0;15
0.0;29
0.0;29
0.0;29
0.0;16
0.0;16
0.0;16
0.0;43
0.0;43
0.0;43
0.0;281
0.0;281
0.0;281
0.0;147
0.0;147
0.0;147
0.0;500
0.0;500
0.0;500
0.0;21
0.0;21
0.0;21
0.0;272
0.0;272
0.0;272
0.0;283
0.0;283
0.0;283
0.0;146
0.0;146
0.0;146
0.0;148
0.0;148
0.0;148
0.0;300
0.0;300
0.0;300
1.0;372
1.0;372
1.0;372
0.0;258
0.0;258
0.0;258
0.0;251
0.0;251
0.0;251
0.0;174
0.0;174
0.0;174
0.0;310
0.0;310
0.0;310
0.0;85
0.0;85
0.0;85
0.0;209
0.0;209
0.0;209
0.0;14
0.0;14
0.0;14
0.0;75
0.0;75
0.0;75
0.0;91
0.0;91
0.0;91
0.0;252
0.0;252
0.0;252
0.0;29
0.0;29
0.0;29
0.0;500
0.0;500
0.0;500
0.0;240
0.0;240
0.0;240
0.0;49
0.0;49
0.0;49
0.0;17
0.0;17
0.0;17
0.0;489
0.0;489
0.0;489
0.0;101
0.0;101
0.0;101
0.0;10
0.0;10
0.0;10
0.0;59
0.0;59
0.0;59
0.0;89
0.0;89
0.0;89
0.0;124
0.0;124
0.0;124
1.0;216
1.0;216
1.0;216
1.0;461
1.0;461
1.0;461
0.0;131
0.0;131
0.0;131
0.0;195
0.0;195
0.0;195
0.0;432
0.0;432
0.0;432
0.0;92
0.0;92
0.0;92
0.0;6
0.0;6
0.0;6
0.0;9
0.0;9
0.0;9
0.0;43
0.0;43
0.0;43
0.0;221
0.0;221
0.0;221
0.0;156
0.0;156
0.0;156
0.0;482
0.0;482
0.0;482
0.0;255
0.0;255
0.0;255
1.0;222
1.0;222
1.0;222
0.0;101
0.0;101
0.0;101
0.0;97
0.0;97
0.0;97
1.0;184
1.0;184
1.0;184
0.0;231
0.0;231
0.0;231
1.0;72
1.0;72
1.0;72
0.0;64
0.0;64
0.0;64
0.0;67
0.0;67
0.0;67
0.0;42
0.0;42
0.0;42
0.0;302
0.0;302
0.0;302
0.0;197
0.0;197
0.0;197
0.0;500
0.0;500
0.0;500
0.0;161
0.0;161
0.0;161
0.0;500
0.0;500
0.0;500
0.0;437
0.0;437
0.0;437
0.0;197
0.0;197
0.0;197
1.0;216
1.0;216
1.0;216
0.0;270
0.0;270
0.0;270
0.0;377
0.0;377
0.0;377
0.0;500
0.0;500
0.0;500
1.0;286
1.0;286
1.0;286
1.0;202
1.0;202
1.0;202
1.0;396
1.0;396
1.0;396
0.0;500
0.0;500
0.0;500
0.0;448
0.0;448
0.0;448
0.0;248
0.0;248
0.0;248
0.0;70
0.0;70
0.0;70
0.0;121
0.0;121
0.0;121
0.0;139
0.0;139
0.0;139
0.0;20
0.0;20
0.0;20
0.0;500
0.0;500
0.0;500
0.0;500
0.0;500
0.0;500
1.0;231
1.0;231
1.0;231
1.0;265
1.0;265
1.0;265
0.0;285
0.0;285
0.0;285
0.0;500
0.0;500
0.0;500
0.0;41
0.0;41
0.0;41
1.0;162
1.0;162
1.0;162
0.0;376
0.0;376
0.0;376
0.0;500
0.0;500
0.0;500
0.0;32
0.0;32
0.0;32
0.0;6
0.0;6
0.0;6
0.0;500
0.0;500
0.0;500
0.0;104
0.0;104
0.0;104
1.0;442
1.0;442
1.0;442
1.0;246
1.0;246
1.0;246
0.0;500
0.0;500
0.0;500
0.0;293
0.0;293
0.0;293
1.0;294
1.0;294
1.0;294
0.0;48
0.0;48
0.0;48
0.0;350
0.0;350
0.0;350
0.0;205
0.0;205
0.0;205
1.0;472
1.0;472
1.0;472
0.0;500
0.0;500
0.0;500
0.0;358
0.0;358
0.0;358
1.0;209
1.0;209
1.0;209
0.0;500
0.0;500
0.0;500
0.0;107
0.0;107
0.0;107
1.0;110
1.0;110
1.0;110
0.0;343
0.0;343
0.0;343
0.0;349
0.0;349
0.0;349
0.0;500
0.0;500
0.0;500
0.0;41
0.0;41
0.0;41
1.0;408
1.0;408
1.0;408
0.0;500
0.0;500
0.0;500
0.0;500
0.0;500
0.0;500
1.0;194
1.0;194
1.0;194
0.0;6
0.0;6
0.0;6
0.0;500
0.0;500
0.0;500
1.0;278
1.0;278
1.0;278
0.0;155
0.0;155
0.0;155
1.0;218
1.0;218
1.0;218
0.0;500
0.0;500
0.0;500
0.0;500
0.0;500
0.0;500
1.0;479
1.0;479
1.0;479
1.0;270
1.0;270
1.0;270
0.0;58
0.0;58
0.0;58
0.0;82
0.0;82
0.0;82
0.0;500
0.0;500
0.0;500
0.0;500
0.0;500
0.0;500
1.0;195
1.0;195
1.0;195
0.0;258
0.0;258
0.0;258
1.0;74
1.0;74
1.0;74
0.0;488
0.0;488
0.0;488
1.0;164
1.0;164
1.0;164
0.0;286
0.0;286
0.0;286
0.0;500
0.0;500
0.0;500
0.0;6
0.0;6
0.0;6
1.0;122
1.0;122
1.0;122
1.0;130
1.0;130
1.0;130
0.0;500
0.0;500
0.0;500
1.0;478
1.0;478
1.0;478
0.0;500
0.0;500
0.0;500
0.0;141
0.0;141
0.0;141
0.0;500
0.0;500
0.0;500
1.0;242
1.0;242
1.0;242
1.0;348
1.0;348
1.0;348
0.0;8
0.0;8
0.0;8
1.0;234
1.0;234
1.0;234
0.0;500
0.0;500
0.0;500
0.0;94
0.0;94
0.0;94
0.0;362
0.0;362
0.0;362
0.0;318
0.0;318
0.0;318
0.0;263
0.0;263
0.0;263
1.0;208
1.0;208
1.0;208
1.0;199
1.0;199
1.0;199
0.0;500
0.0;500
0.0;500
1.0;259
1.0;259
1.0;259
0.0;24
0.0;24
0.0;24
0.0;477
0.0;477
0.0;477
1.0;223
1.0;223
1.0;223
0.0;500
0.0;500
0.0;500
0.0;500
0.0;500
0.0;500
0.0;166
0.0;166
0.0;166
0.0;245
0.0;245
0.0;245
0.0;189
0.0;189
0.0;189
0.0;14
0.0;14
0.0;14
1.0;181
1.0;181
1.0;181
1.0;254
1.0;254
1.0;254
1.0;232
1.0;232
1.0;232
0.0;309
0.0;309
0.0;309
1.0;184
1.0;184
1.0;184
0.0;189
0.0;189
0.0;189
0.0;371
0.0;371
0.0;371
0.0;500
0.0;500
0.0;500
1.0;52
1.0;52
1.0;52
0.0;6
0.0;6
0.0;6
1.0;351
1.0;351
1.0;351
1.0;222
1.0;222
1.0;222
1.0;166
1.0;166
1.0;166
0.0;435
0.0;435
0.0;435
1.0;407
1.0;407
1.0;407
0.0;266
0.0;266
0.0;266
0.0;314
0.0;314
0.0;314
0.0;401
0.0;401
0.0;401
0.0;296
0.0;296
0.0;296
0.0;500
0.0;500
0.0;500
0.0;342
0.0;342
0.0;342
0.0;500
0.0;500
0.0;500
0.0;245
0.0;245
0.0;245
1.0;284
1.0;284
1.0;284
1.0;110
1.0;110
1.0;110
0.0;476
0.0;476
0.0;476
1.0;76
1.0;76
1.0;76
0.0;235
0.0;235
0.0;235
0.0;90
0.0;90
0.0;90
1.0;205
1.0;205
1.0;205
0.0;265
0.0;265
0.0;265
1.0;156
1.0;156
1.0;156
0.0;351
0.0;351
0.0;351
0.0;456
0.0;456
0.0;456
1.0;434
1.0;434
1.0;434
0.0;264
0.0;264
0.0;264
1.0;188
1.0;188
1.0;188
0.0;500
0.0;500
0.0;500
1.0;118
1.0;118
1.0;118
1.0;132
1.0;132
1.0;132
1.0;131
1.0;131
1.0;131
0.0;72
0.0;72
0.0;72
0.0;109
0.0;109
0.0;109
0.0;383
0.0;383
0.0;383
0.0;101
0.0;101
0.0;101
0.0;500
0.0;500
0.0;500
0.0;500
0.0;500
0.0;500
0.0;500
0.0;500
0.0;500
0.0;500
0.0;500
0.0;500
0.0;500
0.0;500
0.0;500
1.0;334
1.0;334
1.0;334
1.0;170
1.0;170
1.0;170
1.0;224
1.0;224
1.0;224
1.0;66
1.0;66
1.0;66
0.0;63
0.0;63
0.0;63
0.0;500
0.0;500
0.0;500
1.0;454
1.0;454
1.0;454
0.0;500
0.0;500
0.0;500
0.0;500
0.0;500
0.0;500
1.0;282
1.0;282
1.0;282
1.0;64
1.0;64
1.0;64
1.0;155
1.0;155
1.0;155
0.0;233
0.0;233
0.0;233
0.0;91
0.0;91
0.0;91
0.0;500
0.0;500
0.0;500
0.0;340
0.0;340
0.0;340
1.0;258
1.0;258
1.0;258
1.0;38
1.0;38
1.0;38
0.0;22
0.0;22
0.0;22
0.0;49
0.0;49
0.0;49
0.0;245
0.0;245
0.0;245
1.0;76
1.0;76
1.0;76
1.0;450
1.0;450
1.0;450
0.0;31
0.0;31
0.0;31
0.0;500
0.0;500
0.0;500
1.0;66
1.0;66
1.0;66
1.0;264
1.0;264
1.0;264
0.0;500
0.0;500
0.0;500
1.0;104
1.0;104
1.0;104
1.0;270
1.0;270
1.0;270
0.0;500
0.0;500
0.0;500
0.0;500
0.0;500
0.0;500
0.0;254
0.0;254
0.0;254
0.0;33
0.0;33
0.0;33
1.0;381
1.0;381
1.0;381
1.0;124
1.0;124
1.0;124
1.0;74
1.0;74
1.0;74
0.0;500
0.0;500
0.0;500
1.0;332
1.0;332
1.0;332
1.0;96
1.0;96
1.0;96
0.0;500
0.0;500
0.0;500
1.0;408
1.0;408
1.0;408
0.0;500
0.0;500
0.0;500
1.0;202
1.0;202
1.0;202
1.0;106
1.0;106
1.0;106
0.0;271
0.0;271
0.0;271
1.0;180
1.0;180
1.0;180
0.0;449
0.0;449
0.0;449
1.0;135
1.0;135
1.0;135
1.0;54
1.0;54
1.0;54
1.0;158
1.0;158
1.0;158
0.0;499
0.0;499
0.0;499
1.0;385
1.0;385
1.0;385
1.0;238
1.0;238
1.0;238
1.0;86
1.0;86
1.0;86
0.0;500
0.0;500
0.0;500
1.0;211
1.0;211
1.0;211
1.0;163
1.0;163
1.0;163
0.0;500
0.0;500
0.0;500
0.0;500
0.0;500
0.0;500
0.0;500
0.0;500
0.0;500
1.0;42
1.0;42
1.0;42
0.0;216
0.0;216
0.0;216
0.0;500
0.0;500
0.0;500
1.0;102
1.0;102
1.0;102
0.0;147
0.0;147
0.0;147
1.0;240
1.0;240
1.0;240
1.0;72
1.0;72
1.0;72
0.0;500
0.0;500
0.0;500
0.0;497
0.0;497
0.0;497
1.0;428
1.0;428
1.0;428
1.0;90
1.0;90
1.0;90
0.0;354
0.0;354
0.0;354
0.0;230
0.0;230
0.0;230
1.0;114
1.0;114
1.0;114
1.0;425
1.0;425
1.0;425
1.0;157
1.0;157
1.0;157
1.0;444
1.0;444
1.0;444
1.0;419
1.0;419
1.0;419
0.0;500
0.0;500
0.0;500
0.0;6
0.0;6
0.0;6
1.0;147
1.0;147
1.0;147
1.0;221
1.0;221
1.0;221
0.0;500
0.0;500
0.0;500
1.0;84
1.0;84
1.0;84
0.0;149
0.0;149
0.0;149
1.0;60
1.0;60
1.0;60
0.0;500
0.0;500
0.0;500
0.0;500
0.0;500
0.0;500
0.0;39
0.0;39
0.0;39
0.0;500
0.0;500
0.0;500
1.0;58
1.0;58
1.0;58
1.0;459
1.0;459
1.0;459
1.0;172
1.0;172
1.0;172
0.0;57
0.0;57
0.0;57
0.0;6
0.0;6
0.0;6
0.0;500
0.0;500
0.0;500
1.0;237
1.0;237
1.0;237
0.0;6
0.0;6
0.0;6
1.0;76
1.0;76
1.0;76
0.0;435
0.0;435
0.0;435
0.0;500
0.0;500
0.0;500
1.0;248
1.0;248
1.0;248
1.0;36
1.0;36
1.0;36
1.0;127
1.0;127
1.0;127
0.0;6
0.0;6
0.0;6
1.0;288
1.0;288
1.0;288
1.0;309
1.0;309
1.0;309
1.0;178
1.0;178
1.0;178
1.0;474
1.0;474
1.0;474
1.0;196
1.0;196
1.0;196
0.0;6
0.0;6
0.0;6
0.0;500
0.0;500
0.0;500
0.0;500
0.0;500
0.0;500
0.0;137
0.0;137
0.0;137
1.0;106
1.0;106
1.0;106
0.0;8
0.0;8
0.0;8
0.0;500
0.0;500
0.0;500
0.0;500
0.0;500
0.0;500
1.0;340
1.0;340
1.0;340
1.0;88
1.0;88
1.0;88
1.0;42
1.0;42
1.0;42
1.0;82
1.0;82
1.0;82
1.0;350
1.0;350
1.0;350
1.0;210
1.0;210
1.0;210
0.0;500
0.0;500
0.0;500
1.0;346
1.0;346
1.0;346
0.0;101
0.0;101
0.0;101
0.0;500
0.0;500
0.0;500
1.0;97
1.0;97
1.0;97
1.0;30
1.0;30
1.0;30
0.0;211
0.0;211
0.0;211
1.0;360
1.0;360
1.0;360
0.0;251
0.0;251
0.0;251
1.0;263
1.0;263
1.0;263
1.0;50
1.0;50
1.0;50
1.0;296
1.0;296
1.0;296
0.0;63
0.0;63
0.0;63
1.0;158
1.0;158
1.0;158
1.0;38
1.0;38
1.0;38
0.0;500
0.0;500
0.0;500
0.0;27
0.0;27
0.0;27
1.0;378
1.0;378
1.0;378
0.0;78
0.0;78
0.0;78
1.0;242
1.0;242
1.0;242
1.0;427
1.0;427
1.0;427
1.0;118
1.0;118
1.0;118
1.0;56
1.0;56
1.0;56
0.0;500
0.0;500
0.0;500
1.0;36
1.0;36
1.0;36
1.0;46
1.0;46
1.0;46
0.0;500
0.0;500
0.0;500
0.0;42
0.0;42
0.0;42
1.0;451
1.0;451
1.0;451
0.0;45
0.0;45
0.0;45
0.0;500
0.0;500
0.0;500
1.0;70
1.0;70
1.0;70
1.0;163
1.0;163
1.0;163
1.0;388
1.0;388
1.0;388
0.0;500
0.0;500
0.0;500
0.0;118
0.0;118
0.0;118
1.0;250
1.0;250
1.0;250
1.0;182
1.0;182
1.0;182
0.0;500
0.0;500
0.0;500
0.0;500
0.0;500
0.0;500
1.0;80
1.0;80
1.0;80
1.0;74
1.0;74
1.0;74
1.0;214
1.0;214
1.0;214
0.0;29
0.0;29
0.0;29
1.0;262
1.0;262
1.0;262
0.0;500
0.0;500
0.0;500
1.0;468
1.0;468
1.0;468
1.0;22
1.0;22
1.0;22
1.0;167
1.0;167
1.0;167
0.0;500
0.0;500
0.0;500
0.0;206
0.0;206
0.0;206
1.0;84
1.0;84
1.0;84
1.0;48
1.0;48
1.0;48
1.0;200
1.0;200
1.0;200
0.0;500
0.0;500
0.0;500
1.0;144
1.0;144
1.0;144
1.0;188
1.0;188
1.0;188
0.0;500
0.0;500
0.0;500
1.0;32
1.0;32
1.0;32
1.0;104
1.0;104
1.0;104
0.0;452
0.0;452
0.0;452
1.0;52
1.0;52
1.0;52
0.0;500
0.0;500
0.0;500
0.0;158
0.0;158
0.0;158
1.0;123
1.0;123
1.0;123
1.0;38
1.0;38
1.0;38
0.0;221
0.0;221
0.0;221
1.0;318
1.0;318
1.0;318
1.0;159
1.0;159
1.0;159
0.0;264
0.0;264
0.0;264
0.0;14
0.0;14
0.0;14
0.0;258
0.0;258
0.0;258
0.0;6
0.0;6
0.0;6
1.0;262
1.0;262
1.0;262
0.0;213
0.0;213
0.0;213
1.0;32
1.0;32
1.0;32
0.0;500
0.0;500
0.0;500
1.0;52
1.0;52
1.0;52
0.0;6
0.0;6
0.0;6
0.0;500
0.0;500
0.0;500
0.0;199
0.0;199
0.0;199
1.0;464
1.0;464
1.0;464
1.0;320
1.0;320
1.0;320
0.0;500
0.0;500
0.0;500
1.0;60
1.0;60
1.0;60
0.0;500
0.0;500
0.0;500
0.0;6
0.0;6
0.0;6
1.0;152
1.0;152
1.0;152
1.0;52
1.0;52
1.0;52
1.0;309
1.0;309
1.0;309
0.0;500
0.0;500
0.0;500
1.0;88
1.0;88
1.0;88
0.0;500
0.0;500
0.0;500
1.0;40
1.0;40
1.0;40
1.0;48
1.0;48
1.0;48
0.0;500
0.0;500
0.0;500
0.0;67
0.0;67
0.0;67
1.0;28
1.0;28
1.0;28
1.0;68
1.0;68
1.0;68
0.0;393
0.0;393
0.0;393
0.0;500
0.0;500
0.0;500
1.0;108
1.0;108
1.0;108
1.0;42
1.0;42
1.0;42
1.0;310
1.0;310
1.0;310
1.0;134
1.0;134
1.0;134
1.0;318
1.0;318
1.0;318
0.0;235
0.0;235
0.0;235
1.0;74
1.0;74
1.0;74
0.0;45
0.0;45
0.0;45
0.0;240
0.0;240
0.0;240
0.0;500
0.0;500
0.0;500
1.0;22
1.0;22
1.0;22
0.0;500
0.0;500
0.0;500
1.0;42
1.0;42
1.0;42
1.0;54
1.0;54
1.0;54
1.0;441
1.0;441
1.0;441
1.0;294
1.0;294
1.0;294
1.0;70
1.0;70
1.0;70
0.0;234
0.0;234
0.0;234
1.0;158
1.0;158
1.0;158
1.0;24
1.0;24
1.0;24
1.0;46
1.0;46
1.0;46
1.0;64
1.0;64
1.0;64
0.0;500
0.0;500
0.0;500
1.0;46
1.0;46
1.0;46
1.0;234
1.0;234
1.0;234
1.0;314
1.0;314
1.0;314
1.0;22
1.0;22
1.0;22
1.0;60
1.0;60
1.0;60
1.0;295
1.0;295
1.0;295
0.0;16
0.0;16
0.0;16
1.0;158
1.0;158
1.0;158
0.0;449
0.0;449
0.0;449
1.0;100
1.0;100
1.0;100
1.0;106
1.0;106
1.0;106
0.0;500
0.0;500
0.0;500
1.0;54
1.0;54
1.0;54
1.0;44
1.0;44
1.0;44
1.0;176
1.0;176
1.0;176
0.0;138
0.0;138
0.0;138
1.0;204
1.0;204
1.0;204
0.0;500
0.0;500
0.0;500
1.0;46
1.0;46
1.0;46
1.0;72
1.0;72
1.0;72
0.0;6
0.0;6
0.0;6
0.0;6
0.0;6
0.0;6
1.0;22
1.0;22
1.0;22
0.0;6
0.0;6
0.0;6
0.0;500
0.0;500
0.0;500
1.0;76
1.0;76
1.0;76
0.0;173
0.0;173
0.0;173
0.0;8
0.0;8
0.0;8
1.0;94
1.0;94
1.0;94
1.0;372
1.0;372
1.0;372
1.0;170
1.0;170
1.0;170
1.0;48
1.0;48
1.0;48
1.0;40
1.0;40
1.0;40
0.0;8
0.0;8
0.0;8
1.0;97
1.0;97
1.0;97
0.0;500
0.0;500
0.0;500
0.0;61
0.0;61
0.0;61
0.0;415
0.0;415
0.0;415
0.0;161
0.0;161
0.0;161
1.0;32
1.0;32
1.0;32
1.0;122
1.0;122
1.0;122
1.0;185
1.0;185
1.0;185
1.0;70
1.0;70
1.0;70
1.0;453
1.0;453
1.0;453
1.0;86
1.0;86
1.0;86
0.0;311
0.0;311
0.0;311
1.0;46
1.0;46
1.0;46
1.0;28
1.0;28
1.0;28
1.0;306
1.0;306
1.0;306
0.0;292
0.0;292
0.0;292
1.0;144
1.0;144
1.0;144
1.0;100
1.0;100
1.0;100
0.0;41
0.0;41
0.0;41
0.0;38
0.0;38
0.0;38
0.0;139
0.0;139
0.0;139
0.0;6
0.0;6
0.0;6
1.0;180
1.0;180
1.0;180
0.0;206
0.0;206
0.0;206
1.0;44
1.0;44
1.0;44
1.0;34
1.0;34
1.0;34
0.0;500
0.0;500
0.0;500
0.0;8
0.0;8
0.0;8
1.0;36
1.0;36
1.0;36
0.0;68
0.0;68
0.0;68
1.0;34
1.0;34
1.0;34
1.0;423
1.0;423
1.0;423
0.0;6
0.0;6
0.0;6
1.0;260
1.0;260
1.0;260
1.0;192
1.0;192
1.0;192
1.0;36
1.0;36
1.0;36
1.0;88
1.0;88
1.0;88
1.0;161
1.0;161
1.0;161
1.0;40
1.0;40
1.0;40
1.0;188
1.0;188
1.0;188
1.0;24
1.0;24
1.0;24
0.0;500
0.0;500
0.0;500
1.0;118
1.0;118
1.0;118
0.0;192
0.0;192
0.0;192
1.0;32
1.0;32
1.0;32
1.0;34
1.0;34
1.0;34
1.0;328
1.0;328
1.0;328
1.0;246
1.0;246
1.0;246
0.0;35
0.0;35
0.0;35
1.0;78
1.0;78
1.0;78
1.0;462
1.0;462
1.0;462
1.0;28
1.0;28
1.0;28
1.0;106
1.0;106
1.0;106
1.0;64
1.0;64
1.0;64
0.0;500
0.0;500
0.0;500
0.0;500
0.0;500
0.0;500
1.0;44
1.0;44
1.0;44
1.0;106
1.0;106
1.0;106
0.0;500
0.0;500
0.0;500
0.0;207
0.0;207
0.0;207
1.0;276
1.0;276
1.0;276
0.0;6
0.0;6
0.0;6
1.0;181
1.0;181
1.0;181
1.0;150
1.0;150
1.0;150
1.0;50
1.0;50
1.0;50
0.0;361
0.0;361
0.0;361
0.0;259
0.0;259
0.0;259
1.0;100
1.0;100
1.0;100
1.0;24
1.0;24
1.0;24
1.0;24
1.0;24
1.0;24
0.0;6
0.0;6
0.0;6
1.0;42
1.0;42
1.0;42
1.0;192
1.0;192
1.0;192
0.0;65
0.0;65
0.0;65
1.0;266
1.0;266
1.0;266
1.0;40
1.0;40
1.0;40
0.0;500
0.0;500
0.0;500
0.0;456
0.0;456
0.0;456
1.0;429
1.0;429
1.0;429
0.0;500
0.0;500
0.0;500
1.0;38
1.0;38
1.0;38
0.0;500
0.0;500
0.0;500
1.0;316
1.0;316
1.0;316
0.0;46
0.0;46
0.0;46
1.0;361
1.0;361
1.0;361
1.0;26
1.0;26
1.0;26
1.0;46
1.0;46
1.0;46
1.0;24
1.0;24
1.0;24
1.0;34
1.0;34
1.0;34
1.0;56
1.0;56
1.0;56
0.0;274
0.0;274
0.0;274
1.0;78
1.0;78
1.0;78
1.0;30
1.0;30
1.0;30
1.0;174
1.0;174
1.0;174
1.0;50
1.0;50
1.0;50
0.0;500
0.0;500
0.0;500
0.0;125
0.0;125
0.0;125
1.0;62
1.0;62
1.0;62
1.0;44
1.0;44
1.0;44
0.0;15
0.0;15
0.0;15
0.0;500
0.0;500
0.0;500
0.0;53
0.0;53
0.0;53
1.0;24
1.0;24
1.0;24
1.0;32
1.0;32
1.0;32
1.0;130
1.0;130
1.0;130
1.0;32
1.0;32
1.0;32
1.0;232
1.0;232
1.0;232
1.0;30
1.0;30
1.0;30
1.0;308
1.0;308
1.0;308
1.0;133
1.0;133
1.0;133
0.0;45
0.0;45
0.0;45
1.0;66
1.0;66
1.0;66
1.0;20
1.0;20
1.0;20
0.0;175
0.0;175
0.0;175
1.0;164
1.0;164
1.0;164
0.0;188
0.0;188
0.0;188
0.0;86
0.0;86
0.0;86
0.0;291
0.0;291
0.0;291
1.0;52
1.0;52
1.0;52
1.0;208
1.0;208
1.0;208
0.0;500
0.0;500
0.0;500
0.0;15
0.0;15
0.0;15
0.0;6
0.0;6
0.0;6
1.0;124
1.0;124
1.0;124
0.0;296
0.0;296
0.0;296
0.0;500
0.0;500
0.0;500
1.0;242
1.0;242
1.0;242
0.0;6
0.0;6
0.0;6
1.0;220
1.0;220
1.0;220
0.0;391
0.0;391
0.0;391
1.0;24
1.0;24
1.0;24
1.0;96
1.0;96
1.0;96
1.0;22
1.0;22
1.0;22
0.0;500
0.0;500
0.0;500
1.0;156
1.0;156
1.0;156
1.0;28
1.0;28
1.0;28
0.0;6
0.0;6
0.0;6
0.0;212
0.0;212
0.0;212
1.0;202
1.0;202
1.0;202
1.0;26
1.0;26
1.0;26
1.0;42
1.0;42
1.0;42
1.0;22
1.0;22
1.0;22
1.0;216
1.0;216
1.0;216
1.0;147
1.0;147
1.0;147
1.0;124
1.0;124
1.0;124
0.0;6
0.0;6
0.0;6
1.0;20
1.0;20
1.0;20
1.0;32
1.0;32
1.0;32
0.0;50
0.0;50
0.0;50
1.0;24
1.0;24
1.0;24
1.0;20
1.0;20
1.0;20
0.0;500
0.0;500
0.0;500
1.0;160
1.0;160
1.0;160
1.0;30
1.0;30
1.0;30
1.0;60
1.0;60
1.0;60
1.0;186
1.0;186
1.0;186
0.0;358
0.0;358
0.0;358
1.0;252
1.0;252
1.0;252
1.0;24
1.0;24
1.0;24
1.0;24
1.0;24
1.0;24
1.0;82
1.0;82
1.0;82
1.0;296
1.0;296
1.0;296
1.0;36
1.0;36
1.0;36
1.0;26
1.0;26
1.0;26
1.0;260
1.0;260
1.0;260
1.0;26
1.0;26
1.0;26
1.0;30
1.0;30
1.0;30
1.0;30
1.0;30
1.0;30
0.0;183
0.0;183
0.0;183
1.0;22
1.0;22
1.0;22
1.0;32
1.0;32
1.0;32
1.0;106
1.0;106
1.0;106
1.0;241
1.0;241
1.0;241
0.0;500
0.0;500
0.0;500
1.0;36
1.0;36
1.0;36
0.0;500
0.0;500
0.0;500
0.0;500
0.0;500
0.0;500
1.0;24
1.0;24
1.0;24
1.0;30
1.0;30
1.0;30
0.0;60
0.0;60
0.0;60
1.0;26
1.0;26
1.0;26
1.0;22
1.0;22
1.0;22
1.0;28
1.0;28
1.0;28
1.0;56
1.0;56
1.0;56
1.0;68
1.0;68
1.0;68
0.0;124
0.0;124
0.0;124
0.0;500
0.0;500
0.0;500
1.0;102
1.0;102
1.0;102
1.0;120
1.0;120
1.0;120
1.0;22
1.0;22
1.0;22
1.0;20
1.0;20
1.0;20
1.0;70
1.0;70
1.0;70
1.0;40
1.0;40
1.0;40
1.0;237
1.0;237
1.0;237
0.0;76
0.0;76
0.0;76
0.0;6
0.0;6
0.0;6
1.0;22
1.0;22
1.0;22
0.0;311
0.0;311
0.0;311
1.0;22
1.0;22
1.0;22
1.0;66
1.0;66
1.0;66
1.0;250
1.0;250
1.0;250
1.0;143
1.0;143
1.0;143
1.0;22
1.0;22
1.0;22
0.0;6
0.0;6
0.0;6
1.0;22
1.0;22
1.0;22
1.0;121
1.0;121
1.0;121
0.0;179
0.0;179
0.0;179
1.0;20
1.0;20
1.0;20
1.0;24
1.0;24
1.0;24
1.0;24
1.0;24
1.0;24
0.0;500
0.0;500
0.0;500
1.0;28
1.0;28
1.0;28
0.0;284
0.0;284
0.0;284
0.0;8
0.0;8
0.0;8
1.0;438
1.0;438
1.0;438
1.0;28
1.0;28
1.0;28
1.0;351
1.0;351
1.0;351
1.0;20
1.0;20
1.0;20
0.0;327
0.0;327
0.0;327
1.0;22
1.0;22
1.0;22
1.0;26
1.0;26
1.0;26
1.0;340
1.0;340
1.0;340
1.0;146
1.0;146
1.0;146
0.0;17
0.0;17
0.0;17
1.0;22
1.0;22
1.0;22
1.0;28
1.0;28
1.0;28
1.0;26
1.0;26
1.0;26
0.0;101
0.0;101
0.0;101
1.0;24
1.0;24
1.0;24
1.0;356
1.0;356
1.0;356
1.0;22
1.0;22
1.0;22
1.0;44
1.0;44
1.0;44
1.0;22
1.0;22
1.0;22
1.0;86
1.0;86
1.0;86
1.0;36
1.0;36
1.0;36
1.0;78
1.0;78
1.0;78
0.0;500
0.0;500
0.0;500
1.0;22
1.0;22
1.0;22
1.0;52
1.0;52
1.0;52
1.0;20
1.0;20
1.0;20
0.0;8
0.0;8
0.0;8
1.0;22
1.0;22
1.0;22
1.0;20
1.0;20
1.0;20
1.0;20
1.0;20
1.0;20
1.0;24
1.0;24
1.0;24
1.0;20
1.0;20
1.0;20
1.0;22
1.0;22
1.0;22
1.0;26
1.0;26
1.0;26
1.0;24
1.0;24
1.0;24
1.0;24
1.0;24
1.0;24
1.0;24
1.0;24
1.0;24
1.0;20
1.0;20
1.0;20
1.0;22
1.0;22
1.0;22
1.0;22
1.0;22
1.0;22
1.0;20
1.0;20
1.0;20
1.0;24
1.0;24
1.0;24
1.0;22
1.0;22
1.0;22
1.0;26
1.0;26
1.0;26
1.0;24
1.0;24
1.0;24
1.0;32
1.0;32
1.0;32
1.0;40
1.0;40
1.0;40
1.0;20
1.0;20
1.0;20
1.0;30
1.0;30
1.0;30
1.0;20
1.0;20
1.0;20
1.0;20
1.0;20
1.0;20
1.0;22
1.0;22
1.0;22
1.0;20
1.0;20
1.0;20
0.0;8
0.0;8
0.0;8
1.0;22
1.0;22
1.0;22
1.0;20
1.0;20
1.0;20
1.0;22
1.0;22
1.0;22
1.0;20
1.0;20
1.0;20
1.0;22
1.0;22
1.0;22
1.0;20
1.0;20
1.0;20
1.0;22
1.0;22
1.0;22
1.0;22
1.0;22
1.0;22
1.0;26
1.0;26
1.0;26
1.0;22
1.0;22
1.0;22
1.0;26
1.0;26
1.0;26
1.0;22
1.0;22
1.0;22
1.0;20
1.0;20
1.0;20
0.0;6
0.0;6
0.0;6
1.0;26
1.0;26
1.0;26
1.0;24
1.0;24
1.0;24
1.0;24
1.0;24
1.0;24
1.0;30
1.0;30
1.0;30
1.0;26
1.0;26
1.0;26
1.0;20
1.0;20
1.0;20
1.0;24
1.0;24
1.0;24
0.0;21
0.0;21
0.0;21
1.0;22
1.0;22
1.0;22
1.0;22
1.0;22
1.0;22
1.0;22
1.0;22
1.0;22
1.0;24
1.0;24
1.0;24
1.0;26
1.0;26
1.0;26
1.0;20
1.0;20
1.0;20
0.0;8
0.0;8
0.0;8
1.0;26
1.0;26
1.0;26
1.0;22
1.0;22
1.0;22
1.0;20
1.0;20
1.0;20
0.0;6
0.0;6
0.0;6
1.0;20
1.0;20
1.0;20
1.0;22
1.0;22
1.0;22
1.0;28
1.0;28
1.0;28
1.0;24
1.0;24
1.0;24
1.0;22
1.0;22
1.0;22
1.0;20
1.0;20
1.0;20
1.0;255
1.0;255
1.0;255
1.0;32
1.0;32
1.0;32
1.0;22
1.0;22
1.0;22
1.0;20
1.0;20
1.0;20
1.0;22
1.0;22
1.0;22
0.0;8
0.0;8
0.0;8
1.0;24
1.0;24
1.0;24
1.0;20
1.0;20
1.0;20
1.0;22
1.0;22
1.0;22
1.0;24
1.0;24
1.0;24
1.0;28
1.0;28
1.0;28
1.0;20
1.0;20
1.0;20
1.0;22
1.0;22
1.0;22
1.0;20
1.0;20
1.0;20
1.0;20
1.0;20
1.0;20
1.0;26
1.0;26
1.0;26
1.0;28
1.0;28
1.0;28
1.0;26
1.0;26
1.0;26
1.0;20
1.0;20
1.0;20
1.0;22
1.0;22
1.0;22
1.0;28
1.0;28
1.0;28
1.0;22
1.0;22
1.0;22
1.0;22
1.0;22
1.0;22
1.0;24
1.0;24
1.0;24
1.0;24
1.0;24
1.0;24
1.0;20
1.0;20
1.0;20
1.0;22
1.0;22
1.0;22
1.0;74
1.0;74
1.0;74
0.0;130
0.0;130
0.0;130
1.0;22
1.0;22
1.0;22
1.0;22
1.0;22
1.0;22
1.0;26
1.0;26
1.0;26
1.0;22
1.0;22
1.0;22
1.0;22
1.0;22
1.0;22
1.0;20
1.0;20
1.0;20
1.0;22
1.0;22
1.0;22
1.0;28
1.0;28
1.0;28
1.0;22
1.0;22
1.0;22
1.0;22
1.0;22
1.0;22
1.0;20
1.0;20
1.0;20
0.0;6
0.0;6
0.0;6
1.0;98
1.0;98
1.0;98
1.0;20
1.0;20
1.0;20
1.0;58
1.0;58
1.0;58
1.0;22
1.0;22
1.0;22
1.0;20
1.0;20
1.0;20
1.0;22
1.0;22
1.0;22
1.0;22
1.0;22
1.0;22
1.0;20
1.0;20
1.0;20
1.0;20
1.0;20
1.0;20
1.0;22
1.0;22
1.0;22
1.0;22
1.0;22
1.0;22
1.0;20
1.0;20
1.0;20
1.0;20
1.0;20
1.0;20
1.0;22
1.0;22
1.0;22
1.0;22
1.0;22
1.0;22
1.0;22
1.0;22
1.0;22
1.0;22
1.0;22
1.0;22
1.0;24
1.0;24
1.0;24
1.0;22
1.0;22
1.0;22
1.0;24
1.0;24
1.0;24
1.0;22
1.0;22
1.0;22
0.0;6
0.0;6
0.0;6
0.0;6
0.0;6
0.0;6
1.0;22
1.0;22
1.0;22
1.0;24
1.0;24
1.0;24
1.0;20
1.0;20
1.0;20
1.0;20
1.0;20
1.0;20
1.0;28
1.0;28
1.0;28
1.0;20
1.0;20
1.0;20
1.0;20
1.0;20
1.0;20
1.0;26
1.0;26
1.0;26
0.0;6
0.0;6
0.0;6
1.0;20
1.0;20
1.0;20
1.0;20
1.0;20
1.0;20
1.0;22
1.0;22
1.0;22
1.0;20
1.0;20
1.0;20
1.0;26
1.0;26
1.0;26
1.0;24
1.0;24
1.0;24
1.0;20
1.0;20
1.0;20
1.0;28
1.0;28
1.0;28
1.0;24
1.0;24
1.0;24
1.0;22
1.0;22
1.0;22
1.0;24
1.0;24
1.0;24
1.0;26
1.0;26
1.0;26
1.0;26
1.0;26
1.0;26
1.0;24
1.0;24
1.0;24
1.0;34
1.0;34
1.0;34
1.0;22
1.0;22
1.0;22
1.0;22
1.0;22
1.0;22
1.0;20
1.0;20
1.0;20
1.0;20
1.0;20
1.0;20
1.0;24
1.0;24
1.0;24
1.0;20
1.0;20
1.0;20
1.0;20
1.0;20
1.0;20
1.0;20
1.0;20
1.0;20
0.0;10
0.0;10
0.0;10
0.0;6
0.0;6
0.0;6
0.0;6
0.0;6
0.0;6
0.0;6
0.0;6
0.0;6
1.0;22
1.0;22
1.0;22
1.0;20
1.0;20
1.0;20
1.0;24
1.0;24
1.0;24
1.0;20
1.0;20
1.0;20
1.0;26
1.0;26
1.0;26
1.0;20
1.0;20
1.0;20
1.0;22
1.0;22
1.0;22
1.0;20
1.0;20
1.0;20
1.0;22
1.0;22
1.0;22
1.0;20
1.0;20
1.0;20
1.0;20
1.0;20
1.0;20
1.0;22
1.0;22
1.0;22
0.0;10
0.0;10
0.0;10
1.0;20
1.0;20
1.0;20
1.0;26
1.0;26
1.0;26
1.0;22
1.0;22
1.0;22
1.0;22
1.0;22
1.0;22
1.0;20
1.0;20
1.0;20
1.0;24
1.0;24
1.0;24
1.0;22
1.0;22
1.0;22
1.0;26
1.0;26
1.0;26
1.0;22
1.0;22
1.0;22
1.0;22
1.0;22
1.0;22
1.0;22
1.0;22
1.0;22
1.0;22
1.0;22
1.0;22
1.0;22
1.0;22
1.0;22
1.0;22
1.0;22
1.0;22
1.0;473
1.0;473
1.0;473
1.0;22
1.0;22
1.0;22
0.0;6
0.0;6
0.0;6
1.0;20
1.0;20
1.0;20
1.0;24
1.0;24
1.0;24
1.0;22
1.0;22
1.0;22
1.0;24
1.0;24
1.0;24
1.0;22
1.0;22
1.0;22
1.0;22
1.0;22
1.0;22
1.0;22
1.0;22
1.0;22
1.0;20
1.0;20
1.0;20
1.0;28
1.0;28
1.0;28
1.0;20
1.0;20
1.0;20
1.0;22
1.0;22
1.0;22
1.0;30
1.0;30
1.0;30
1.0;22
1.0;22
1.0;22
1.0;30
1.0;30
1.0;30
1.0;24
1.0;24
1.0;24
1.0;22
1.0;22
1.0;22
1.0;24
1.0;24
1.0;24
1.0;24
1.0;24
1.0;24
1.0;22
1.0;22
1.0;22
1.0;20
1.0;20
1.0;20
1.0;22
1.0;22
1.0;22
0.0;6
0.0;6
0.0;6
1.0;34
1.0;34
1.0;34
1.0;24
1.0;24
1.0;24
1.0;22
1.0;22
1.0;22
1.0;20
1.0;20
1.0;20
1.0;22
1.0;22
1.0;22
1.0;24
1.0;24
1.0;24
1.0;20
1.0;20
1.0;20
1.0;22
1.0;22
1.0;22
1.0;22
1.0;22
1.0;22
1.0;22
1.0;22
1.0;22
1.0;22
1.0;22
1.0;22
1.0;22
1.0;22
1.0;22
1.0;22
1.0;22
1.0;22
1.0;20
1.0;20
1.0;20
1.0;22
1.0;22
1.0;22
1.0;24
1.0;24
1.0;24
1.0;24
1.0;24
1.0;24
1.0;24
1.0;24
1.0;24
1.0;24
1.0;24
1.0;24
1.0;22
1.0;22
1.0;22
1.0;22
1.0;22
1.0;22
1.0;24
1.0;24
1.0;24
1.0;24
1.0;24
1.0;24
1.0;26
1.0;26
1.0;26
1.0;26
1.0;26
1.0;26
1.0;20
1.0;20
1.0;20
1.0;22
1.0;22
1.0;22
1.0;24
1.0;24
1.0;24
1.0;20
1.0;20
1.0;20
1.0;20
1.0;20
1.0;20
1.0;26
1.0;26
1.0;26
1.0;24
1.0;24
1.0;24
1.0;20
1.0;20
1.0;20
