0.0;5
0.0;231
0.0;231
0.0;231
0.0;25
0.0;25
0.0;25
1.0;123
1.0;123
1.0;123
0.0;3
0.0;3
0.0;3
0.0;7
0.0;7
0.0;7
0.0;3
0.0;3
0.0;3
0.0;5
0.0;5
0.0;5
0.0;13
0.0;13
0.0;13
0.0;3
0.0;3
0.0;3
0.0;3
0.0;3
0.0;3
0.0;3
0.0;3
0.0;3
0.0;3
0.0;3
0.0;3
0.0;3
0.0;3
0.0;3
0.0;3
0.0;3
0.0;3
0.0;3
0.0;3
0.0;3
0.0;3
0.0;3
0.0;3
0.0;3
0.0;3
0.0;3
0.0;3
0.0;3
0.0;3
0.0;3
0.0;3
0.0;3
0.0;3
0.0;3
0.0;3
0.0;3
0.0;3
0.0;3
0.0;3
0.0;3
0.0;3
0.0;5
0.0;5
0.0;5
0.0;5
0.0;5
0.0;5
0.0;3
0.0;3
0.0;3
0.0;3
0.0;3
0.0;3
0.0;3
0.0;3
0.0;3
0.0;3
0.0;3
0.0;3
0.0;117
0.0;117
0.0;117
0.0;3
0.0;3
0.0;3
0.0;3
0.0;3
0.0;3
0.0;3
0.0;3
0.0;3
0.0;3
0.0;3
0.0;3
0.0;3
0.0;3
0.0;3
0.0;3
0.0;3
0.0;3
0.0;3
0.0;3
0.0;3
0.0;3
0.0;3
0.0;3
0.0;3
0.0;3
0.0;3
0.0;3
0.0;3
0.0;3
0.0;3
0.0;3
0.0;3
0.0;3
0.0;3
0.0;3
0.0;3
0.0;3
0.0;3
0.0;5
0.0;5
0.0;5
0.0;9
0.0;9
0.0;9
0.0;3
0.0;3
0.0;3
0.0;5
0.0;5
0.0;5
0.0;3
0.0;3
0.0;3
0.0;3
0.0;3
0.0;3
0.0;3
0.0;3
0.0;3
0.0;3
0.0;3
0.0;3
0.0;3
0.0;3
0.0;3
0.0;3
0.0;3
0.0;3
0.0;3
0.0;3
0.0;3
0.0;3
0.0;3
0.0;3
0.0;5
0.0;5
0.0;5
0.0;3
0.0;3
0.0;3
0.0;3
0.0;3
0.0;3
0.0;3
0.0;3
0.0;3
1.0;198
1.0;198
1.0;198
0.0;61
0.0;61
0.0;61
0.0;447
0.0;447
0.0;447
0.0;30
0.0;30
0.0;30
1.0;18
1.0;18
1.0;18
1.0;15
1.0;15
1.0;15
0.0;20
0.0;20
0.0;20
1.0;298
1.0;298
1.0;298
0.0;90
0.0;90
0.0;90
0.0;66
0.0;66
0.0;66
1.0;36
1.0;36
1.0;36
1.0;50
1.0;50
1.0;50
1.0;68
1.0;68
1.0;68
1.0;26
1.0;26
1.0;26
0.0;40
0.0;40
0.0;40
0.0;239
0.0;239
0.0;239
0.0;135
0.0;135
0.0;135
1.0;50
1.0;50
1.0;50
1.0;300
1.0;300
1.0;300
0.0;500
0.0;500
0.0;500
0.0;327
0.0;327
0.0;327
1.0;22
1.0;22
1.0;22
1.0;107
1.0;107
1.0;107
1.0;44
1.0;44
1.0;44
1.0;201
1.0;201
1.0;201
1.0;172
1.0;172
1.0;172
1.0;135
1.0;135
1.0;135
0.0;188
0.0;188
0.0;188
1.0;82
1.0;82
1.0;82
1.0;45
1.0;45
1.0;45
1.0;144
1.0;144
1.0;144
1.0;48
1.0;48
1.0;48
1.0;221
1.0;221
1.0;221
1.0;109
1.0;109
1.0;109
1.0;41
1.0;41
1.0;41
1.0;16
1.0;16
1.0;16
0.0;25
0.0;25
0.0;25
0.0;166
0.0;166
0.0;166
1.0;24
1.0;24
1.0;24
1.0;30
1.0;30
1.0;30
1.0;82
1.0;82
1.0;82
0.0;232
0.0;232
0.0;232
1.0;38
1.0;38
1.0;38
1.0;252
1.0;252
1.0;252
1.0;111
1.0;111
1.0;111
0.0;3
0.0;3
0.0;3
1.0;21
1.0;21
1.0;21
1.0;30
1.0;30
1.0;30
0.0;5
0.0;5
0.0;5
1.0;50
1.0;50
1.0;50
0.0;342
0.0;342
0.0;342
0.0;3
0.0;3
0.0;3
1.0;24
1.0;24
1.0;24
1.0;22
1.0;22
1.0;22
1.0;14
1.0;14
1.0;14
0.0;19
0.0;19
0.0;19
1.0;137
1.0;137
1.0;137
1.0;22
1.0;22
1.0;22
1.0;36
1.0;36
1.0;36
1.0;16
1.0;16
1.0;16
1.0;92
1.0;92
1.0;92
1.0;14
1.0;14
1.0;14
0.0;290
0.0;290
0.0;290
1.0;12
1.0;12
1.0;12
1.0;27
1.0;27
1.0;27
0.0;104
0.0;104
0.0;104
1.0;258
1.0;258
1.0;258
1.0;19
1.0;19
1.0;19
1.0;18
1.0;18
1.0;18
1.0;12
1.0;12
1.0;12
1.0;20
1.0;20
1.0;20
1.0;20
1.0;20
1.0;20
1.0;370
1.0;370
1.0;370
1.0;20
1.0;20
1.0;20
0.0;5
0.0;5
0.0;5
1.0;42
1.0;42
1.0;42
0.0;5
0.0;5
0.0;5
1.0;32
1.0;32
1.0;32
1.0;14
1.0;14
1.0;14
0.0;135
0.0;135
0.0;135
1.0;119
1.0;119
1.0;119
1.0;28
1.0;28
1.0;28
1.0;45
1.0;45
1.0;45
1.0;26
1.0;26
1.0;26
1.0;252
1.0;252
1.0;252
1.0;14
1.0;14
1.0;14
0.0;3
0.0;3
0.0;3
1.0;12
1.0;12
1.0;12
1.0;22
1.0;22
1.0;22
1.0;20
1.0;20
1.0;20
1.0;16
1.0;16
1.0;16
1.0;24
1.0;24
1.0;24
0.0;201
0.0;201
0.0;201
1.0;18
1.0;18
1.0;18
0.0;34
0.0;34
0.0;34
1.0;30
1.0;30
1.0;30
0.0;9
0.0;9
0.0;9
0.0;3
0.0;3
0.0;3
1.0;10
1.0;10
1.0;10
1.0;14
1.0;14
1.0;14
1.0;18
1.0;18
1.0;18
1.0;12
1.0;12
1.0;12
1.0;12
1.0;12
1.0;12
1.0;12
1.0;12
1.0;12
1.0;300
1.0;300
1.0;300
1.0;12
1.0;12
1.0;12
1.0;36
1.0;36
1.0;36
1.0;107
1.0;107
1.0;107
0.0;15
0.0;15
0.0;15
1.0;12
1.0;12
1.0;12
1.0;10
1.0;10
1.0;10
1.0;34
1.0;34
1.0;34
0.0;3
0.0;3
0.0;3
1.0;10
1.0;10
1.0;10
1.0;12
1.0;12
1.0;12
1.0;151
1.0;151
1.0;151
1.0;10
1.0;10
1.0;10
1.0;58
1.0;58
1.0;58
1.0;22
1.0;22
1.0;22
1.0;12
1.0;12
1.0;12
1.0;10
1.0;10
1.0;10
1.0;20
1.0;20
1.0;20
1.0;10
1.0;10
1.0;10
0.0;3
0.0;3
0.0;3
1.0;10
1.0;10
1.0;10
1.0;12
1.0;12
1.0;12
1.0;10
1.0;10
1.0;10
1.0;10
1.0;10
1.0;10
1.0;10
1.0;10
1.0;10
1.0;10
1.0;10
1.0;10
1.0;10
1.0;10
1.0;10
1.0;12
1.0;12
1.0;12
1.0;10
1.0;10
1.0;10
1.0;10
1.0;10
1.0;10
1.0;14
1.0;14
1.0;14
1.0;10
1.0;10
1.0;10
1.0;10
1.0;10
1.0;10
1.0;12
1.0;12
1.0;12
1.0;10
1.0;10
1.0;10
1.0;10
1.0;10
1.0;10
1.0;12
1.0;12
1.0;12
1.0;10
1.0;10
1.0;10
1.0;10
1.0;10
1.0;10
1.0;12
1.0;12
1.0;12
1.0;10
1.0;10
1.0;10
1.0;12
1.0;12
1.0;12
1.0;14
1.0;14
1.0;14
1.0;14
1.0;14
1.0;14
1.0;10
1.0;10
1.0;10
1.0;12
1.0;12
1.0;12
1.0;12
1.0;12
1.0;12
1.0;16
1.0;16
1.0;16
1.0;10
1.0;10
1.0;10
1.0;10
1.0;10
1.0;10
0.0;3
0.0;3
0.0;3
1.0;10
1.0;10
1.0;10
1.0;10
1.0;10
1.0;10
1.0;10
1.0;10
1.0;10
1.0;14
1.0;14
1.0;14
1.0;10
1.0;10
1.0;10
1.0;10
1.0;10
1.0;10
1.0;14
1.0;14
1.0;14
1.0;10
1.0;10
1.0;10
1.0;12
1.0;12
1.0;12
1.0;14
1.0;14
1.0;14
1.0;10
1.0;10
1.0;10
1.0;10
1.0;10
1.0;10
1.0;79
1.0;79
1.0;79
1.0;10
1.0;10
1.0;10
1.0;20
1.0;20
1.0;20
1.0;10
1.0;10
1.0;10
1.0;10
1.0;10
1.0;10
1.0;12
1.0;12
1.0;12
1.0;12
1.0;12
1.0;12
1.0;12
1.0;12
1.0;12
1.0;10
1.0;10
1.0;10
1.0;12
1.0;12
1.0;12
1.0;10
1.0;10
1.0;10
1.0;10
1.0;10
1.0;10
0.0;5
0.0;5
0.0;5
1.0;10
1.0;10
1.0;10
1.0;10
1.0;10
1.0;10
1.0;10
1.0;10
1.0;10
1.0;10
1.0;10
1.0;10
1.0;85
1.0;85
1.0;85
1.0;10
1.0;10
1.0;10
1.0;10
1.0;10
1.0;10
1.0;10
1.0;10
1.0;10
1.0;10
1.0;10
1.0;10
1.0;16
1.0;16
1.0;16
1.0;10
1.0;10
1.0;10
1.0;12
1.0;12
1.0;12
1.0;12
1.0;12
1.0;12
1.0;14
1.0;14
1.0;14
1.0;10
1.0;10
1.0;10
1.0;10
1.0;10
1.0;10
1.0;12
1.0;12
1.0;12
1.0;10
1.0;10
1.0;10
1.0;12
1.0;12
1.0;12
1.0;12
1.0;12
1.0;12
1.0;10
1.0;10
1.0;10
1.0;12
1.0;12
1.0;12
1.0;10
1.0;10
1.0;10
1.0;10
1.0;10
1.0;10
1.0;10
1.0;10
1.0;10
1.0;10
1.0;10
1.0;10
1.0;14
1.0;14
1.0;14
1.0;10
1.0;10
1.0;10
1.0;10
1.0;10
1.0;10
1.0;14
1.0;14
1.0;14
1.0;10
1.0;10
1.0;10
1.0;10
1.0;10
1.0;10
1.0;12
1.0;12
1.0;12
1.0;10
1.0;10
1.0;10
1.0;12
1.0;12
1.0;12
1.0;14
1.0;14
1.0;14
1.0;10
1.0;10
1.0;10
1.0;10
1.0;10
1.0;10
1.0;10
1.0;10
1.0;10
1.0;12
1.0;12
1.0;12
1.0;16
1.0;16
1.0;16
1.0;10
1.0;10
1.0;10
1.0;10
1.0;10
1.0;10
1.0;10
1.0;10
1.0;10
1.0;10
1.0;10
1.0;10
1.0;10
1.0;10
1.0;10
1.0;10
1.0;10
1.0;10
1.0;12
1.0;12
1.0;12
0.0;3
0.0;3
0.0;3
1.0;10
1.0;10
1.0;10
1.0;14
1.0;14
1.0;14
1.0;10
1.0;10
1.0;10
1.0;10
1.0;10
1.0;10
1.0;10
1.0;10
1.0;10
1.0;10
1.0;10
1.0;10
1.0;10
1.0;10
1.0;10
1.0;10
1.0;10
1.0;10
1.0;10
1.0;10
1.0;10
1.0;12
1.0;12
1.0;12
1.0;10
1.0;10
1.0;10
1.0;10
1.0;10
1.0;10
1.0;10
1.0;10
1.0;10
1.0;10
1.0;10
1.0;10
1.0;10
1.0;10
1.0;10
1.0;10
1.0;10
1.0;10
1.0;14
1.0;14
1.0;14
1.0;10
1.0;10
1.0;10
1.0;10
1.0;10
1.0;10
1.0;14
1.0;14
1.0;14
1.0;14
1.0;14
1.0;14
1.0;10
1.0;10
1.0;10
1.0;12
1.0;12
1.0;12
1.0;10
1.0;10
1.0;10
1.0;10
1.0;10
1.0;10
1.0;10
1.0;10
1.0;10
1.0;14
1.0;14
1.0;14
1.0;10
1.0;10
1.0;10
1.0;18
1.0;18
1.0;18
1.0;12
1.0;12
1.0;12
1.0;12
1.0;12
1.0;12
1.0;12
1.0;12
1.0;12
1.0;10
1.0;10
1.0;10
1.0;12
1.0;12
1.0;12
1.0;10
1.0;10
1.0;10
1.0;12
1.0;12
1.0;12
1.0;10
1.0;10
1.0;10
1.0;10
1.0;10
1.0;10
1.0;10
1.0;10
1.0;10
0.0;3
0.0;3
0.0;3
1.0;10
1.0;10
1.0;10
1.0;12
1.0;12
1.0;12
1.0;12
1.0;12
1.0;12
1.0;10
1.0;10
1.0;10
1.0;12
1.0;12
1.0;12
0.0;3
0.0;3
0.0;3
1.0;12
1.0;12
1.0;12
1.0;10
1.0;10
1.0;10
1.0;10
1.0;10
1.0;10
1.0;10
1.0;10
1.0;10
1.0;14
1.0;14
1.0;14
0.0;3
0.0;3
0.0;3
1.0;10
1.0;10
1.0;10
1.0;10
1.0;10
1.0;10
1.0;12
1.0;12
1.0;12
0.0;3
0.0;3
0.0;3
1.0;10
1.0;10
1.0;10
1.0;12
1.0;12
1.0;12
1.0;10
1.0;10
1.0;10
1.0;10
1.0;10
1.0;10
1.0;10
1.0;10
1.0;10
1.0;16
1.0;16
1.0;16
1.0;12
1.0;12
1.0;12
1.0;12
1.0;12
1.0;12
1.0;10
1.0;10
1.0;10
1.0;14
1.0;14
1.0;14
1.0;10
1.0;10
1.0;10
0.0;3
0.0;3
0.0;3
1.0;12
1.0;12
1.0;12
1.0;10
1.0;10
1.0;10
1.0;12
1.0;12
1.0;12
1.0;10
1.0;10
1.0;10
1.0;12
1.0;12
1.0;12
1.0;14
1.0;14
1.0;14
1.0;12
1.0;12
1.0;12
1.0;10
1.0;10
1.0;10
1.0;10
1.0;10
1.0;10
1.0;12
1.0;12
1.0;12
1.0;10
1.0;10
1.0;10
1.0;10
1.0;10
1.0;10
1.0;10
1.0;10
1.0;10
1.0;10
1.0;10
1.0;10
1.0;10
1.0;10
1.0;10
1.0;10
1.0;10
1.0;10
1.0;10
1.0;10
1.0;10
1.0;10
1.0;10
1.0;10
1.0;13
1.0;13
1.0;13
1.0;10
1.0;10
1.0;10
1.0;12
1.0;12
1.0;12
0.0;3
0.0;3
0.0;3
1.0;12
1.0;12
1.0;12
1.0;14
1.0;14
1.0;14
1.0;14
1.0;14
1.0;14
1.0;12
1.0;12
1.0;12
1.0;12
1.0;12
1.0;12
1.0;10
1.0;10
1.0;10
1.0;10
1.0;10
1.0;10
1.0;10
1.0;10
1.0;10
1.0;10
1.0;10
1.0;10
1.0;10
1.0;10
1.0;10
1.0;12
1.0;12
1.0;12
1.0;10
1.0;10
1.0;10
1.0;12
1.0;12
1.0;12
1.0;14
1.0;14
1.0;14
1.0;10
1.0;10
1.0;10
1.0;10
1.0;10
1.0;10
1.0;10
1.0;10
1.0;10
1.0;12
1.0;12
1.0;12
1.0;12
1.0;12
1.0;12
0.0;3
0.0;3
0.0;3
1.0;14
1.0;14
1.0;14
1.0;14
1.0;14
1.0;14
1.0;14
1.0;14
1.0;14
1.0;10
1.0;10
1.0;10
1.0;10
1.0;10
1.0;10
0.0;7
0.0;7
0.0;7
1.0;12
1.0;12
1.0;12
1.0;10
1.0;10
1.0;10
1.0;10
1.0;10
1.0;10
1.0;10
1.0;10
1.0;10
1.0;10
1.0;10
1.0;10
1.0;13
1.0;13
1.0;13
1.0;12
1.0;12
1.0;12
1.0;18
1.0;18
1.0;18
1.0;10
1.0;10
1.0;10
0.0;5
0.0;5
0.0;5
1.0;10
1.0;10
1.0;10
1.0;10
1.0;10
1.0;10
1.0;12
1.0;12
1.0;12
1.0;14
1.0;14
1.0;14
1.0;14
1.0;14
1.0;14
1.0;10
1.0;10
1.0;10
1.0;10
1.0;10
1.0;10
1.0;10
1.0;10
1.0;10
1.0;10
1.0;10
1.0;10
1.0;10
1.0;10
1.0;10
1.0;10
1.0;10
1.0;10
1.0;10
1.0;10
1.0;10
1.0;12
1.0;12
1.0;12
1.0;12
1.0;12
1.0;12
1.0;10
1.0;10
1.0;10
1.0;10
1.0;10
1.0;10
1.0;10
1.0;10
1.0;10
1.0;18
1.0;18
1.0;18
1.0;12
1.0;12
1.0;12
1.0;10
1.0;10
1.0;10
1.0;12
1.0;12
1.0;12
1.0;10
1.0;10
1.0;10
1.0;12
1.0;12
1.0;12
1.0;10
1.0;10
1.0;10
1.0;12
1.0;12
1.0;12
1.0;16
1.0;16
1.0;16
1.0;12
1.0;12
1.0;12
1.0;10
1.0;10
1.0;10
1.0;10
1.0;10
1.0;10
1.0;10
1.0;10
1.0;10
1.0;14
1.0;14
1.0;14
1.0;10
1.0;10
1.0;10
1.0;12
1.0;12
1.0;12
1.0;10
1.0;10
1.0;10
1.0;10
1.0;10
1.0;10
1.0;10
1.0;10
1.0;10
1.0;10
1.0;10
1.0;10
1.0;10
1.0;10
1.0;10
1.0;10
1.0;10
1.0;10
1.0;10
1.0;10
1.0;10
1.0;10
1.0;10
1.0;10
1.0;10
1.0;10
1.0;10
1.0;12
1.0;12
1.0;12
1.0;10
1.0;10
1.0;10
1.0;14
1.0;14
1.0;14
1.0;10
1.0;10
1.0;10
1.0;10
1.0;10
1.0;10
1.0;12
1.0;12
1.0;12
1.0;12
1.0;12
1.0;12
1.0;16
1.0;16
1.0;16
1.0;12
1.0;12
1.0;12
0.0;3
0.0;3
0.0;3
1.0;10
1.0;10
1.0;10
1.0;12
1.0;12
1.0;12
1.0;10
1.0;10
1.0;10
1.0;12
1.0;12
1.0;12
1.0;12
1.0;12
1.0;12
1.0;10
1.0;10
1.0;10
1.0;10
1.0;10
1.0;10
1.0;10
1.0;10
1.0;10
1.0;10
1.0;10
1.0;10
1.0;14
1.0;14
1.0;14
1.0;10
1.0;10
1.0;10
1.0;10
1.0;10
1.0;10
1.0;12
1.0;12
1.0;12
1.0;14
1.0;14
1.0;14
1.0;10
1.0;10
1.0;10
1.0;10
1.0;10
1.0;10
0.0;3
0.0;3
0.0;3
1.0;14
1.0;14
1.0;14
1.0;10
1.0;10
1.0;10
1.0;10
1.0;10
1.0;10
1.0;10
1.0;10
1.0;10
1.0;10
1.0;10
1.0;10
1.0;10
1.0;10
1.0;10
1.0;10
1.0;10
1.0;10
1.0;10
1.0;10
1.0;10
1.0;10
1.0;10
1.0;10
1.0;10
1.0;10
1.0;10
1.0;10
1.0;10
1.0;10
1.0;10
1.0;10
1.0;10
1.0;14
1.0;14
1.0;14
0.0;3
0.0;3
0.0;3
1.0;10
1.0;10
1.0;10
0.0;3
0.0;3
0.0;3
1.0;10
1.0;10
1.0;10
1.0;12
1.0;12
1.0;12
1.0;10
1.0;10
1.0;10
1.0;10
1.0;10
1.0;10
1.0;10
1.0;10
1.0;10
1.0;10
1.0;10
1.0;10
1.0;10
1.0;10
1.0;10
1.0;12
1.0;12
1.0;12
1.0;12
1.0;12
1.0;12
1.0;12
1.0;12
1.0;12
1.0;12
1.0;12
1.0;12
1.0;10
1.0;10
1.0;10
1.0;10
1.0;10
1.0;10
1.0;12
1.0;12
1.0;12
1.0;13
1.0;13
1.0;13
1.0;14
1.0;14
1.0;14
1.0;14
1.0;14
1.0;14
1.0;10
1.0;10
1.0;10
1.0;12
1.0;12
1.0;12
1.0;10
1.0;10
1.0;10
1.0;12
1.0;12
1.0;12
1.0;12
1.0;12
1.0;12
1.0;10
1.0;10
1.0;10
1.0;10
1.0;10
1.0;10
1.0;12
1.0;12
1.0;12
1.0;18
1.0;18
1.0;18
1.0;14
1.0;14
1.0;14
1.0;10
1.0;10
1.0;10
1.0;10
1.0;10
1.0;10
1.0;10
1.0;10
1.0;10
1.0;12
1.0;12
1.0;12
1.0;12
1.0;12
1.0;12
1.0;14
1.0;14
1.0;14
1.0;10
1.0;10
1.0;10
1.0;12
1.0;12
1.0;12
1.0;10
1.0;10
1.0;10
1.0;10
1.0;10
1.0;10
1.0;12
1.0;12
1.0;12
1.0;10
1.0;10
1.0;10
1.0;12
1.0;12
1.0;12
1.0;12
1.0;12
1.0;12
1.0;12
1.0;12
1.0;12
1.0;14
1.0;14
1.0;14
1.0;12
1.0;12
1.0;12
1.0;10
1.0;10
1.0;10
1.0;18
1.0;18
1.0;18
1.0;10
1.0;10
1.0;10
1.0;10
1.0;10
1.0;10
1.0;10
1.0;10
1.0;10
1.0;12
1.0;12
1.0;12
1.0;16
1.0;16
1.0;16
1.0;10
1.0;10
1.0;10
1.0;12
1.0;12
1.0;12
1.0;12
1.0;12
1.0;12
1.0;14
1.0;14
1.0;14
1.0;10
1.0;10
1.0;10
1.0;10
1.0;10
1.0;10
1.0;14
1.0;14
1.0;14
1.0;10
1.0;10
1.0;10
1.0;12
1.0;12
1.0;12
1.0;12
1.0;12
1.0;12
1.0;10
1.0;10
1.0;10
1.0;10
1.0;10
1.0;10
1.0;10
1.0;10
1.0;10
1.0;12
1.0;12
1.0;12
1.0;10
1.0;10
1.0;10
1.0;10
1.0;10
1.0;10
1.0;12
1.0;12
1.0;12
1.0;14
1.0;14
1.0;14
1.0;14
1.0;14
1.0;14
1.0;10
1.0;10
1.0;10
1.0;12
1.0;12
1.0;12
1.0;12
1.0;12
1.0;12
1.0;10
1.0;10
1.0;10
1.0;10
1.0;10
1.0;10
1.0;10
1.0;10
1.0;10
1.0;12
1.0;12
1.0;12
0.0;3
0.0;3
0.0;3
1.0;12
1.0;12
1.0;12
1.0;14
1.0;14
1.0;14
1.0;12
1.0;12
1.0;12
1.0;10
1.0;10
1.0;10
1.0;12
1.0;12
1.0;12
1.0;12
1.0;12
1.0;12
1.0;16
1.0;16
1.0;16
1.0;12
1.0;12
1.0;12
1.0;10
1.0;10
1.0;10
1.0;10
1.0;10
1.0;10
1.0;10
1.0;10
1.0;10
1.0;10
1.0;10
1.0;10
1.0;10
1.0;10
1.0;10
1.0;10
1.0;10
1.0;10
1.0;14
1.0;14
1.0;14
1.0;12
1.0;12
1.0;12
1.0;12
1.0;12
1.0;12
1.0;10
1.0;10
1.0;10
1.0;10
1.0;10
1.0;10
1.0;12
1.0;12
1.0;12
1.0;12
1.0;12
1.0;12
1.0;10
1.0;10
1.0;10
1.0;12
1.0;12
1.0;12
1.0;10
1.0;10
1.0;10
1.0;12
1.0;12
1.0;12
1.0;10
1.0;10
1.0;10
1.0;12
1.0;12
1.0;12
1.0;10
1.0;10
1.0;10
1.0;12
1.0;12
1.0;12
1.0;18
1.0;18
1.0;18
1.0;10
1.0;10
1.0;10
0.0;3
0.0;3
0.0;3
1.0;10
1.0;10
1.0;10
1.0;10
1.0;10
1.0;10
1.0;10
1.0;10
1.0;10
1.0;12
1.0;12
1.0;12
1.0;10
1.0;10
1.0;10
1.0;10
1.0;10
1.0;10
1.0;10
1.0;10
1.0;10
1.0;10
1.0;10
1.0;10
1.0;14
1.0;14
1.0;14
1.0;12
1.0;12
1.0;12
1.0;10
1.0;10
1.0;10
1.0;10
1.0;10
1.0;10
1.0;10
1.0;10
1.0;10
1.0;12
1.0;12
1.0;12
1.0;10
1.0;10
1.0;10
1.0;10
1.0;10
1.0;10
1.0;16
1.0;16
1.0;16
1.0;10
1.0;10
1.0;10
1.0;10
1.0;10
1.0;10
1.0;10
1.0;10
1.0;10
0.0;3
0.0;3
0.0;3
1.0;10
1.0;10
1.0;10
1.0;14
1.0;14
1.0;14
1.0;10
1.0;10
1.0;10
1.0;10
1.0;10
1.0;10
1.0;10
1.0;10
1.0;10
1.0;12
1.0;12
1.0;12
0.0;3
0.0;3
0.0;3
1.0;10
1.0;10
1.0;10
1.0;12
1.0;12
1.0;12
1.0;18
1.0;18
1.0;18
1.0;10
1.0;10
1.0;10
1.0;10
1.0;10
1.0;10
1.0;18
1.0;18
1.0;18
1.0;12
1.0;12
1.0;12
1.0;12
1.0;12
1.0;12
1.0;10
1.0;10
1.0;10
1.0;12
1.0;12
1.0;12
1.0;17
1.0;17
1.0;17
1.0;12
1.0;12
1.0;12
1.0;10
1.0;10
1.0;10
1.0;14
1.0;14
1.0;14
1.0;12
1.0;12
1.0;12
1.0;10
1.0;10
1.0;10
1.0;12
1.0;12
1.0;12
1.0;10
1.0;10
1.0;10
1.0;10
1.0;10
1.0;10
1.0;12
1.0;12
1.0;12
1.0;12
1.0;12
1.0;12
1.0;10
1.0;10
1.0;10
1.0;10
1.0;10
1.0;10
1.0;10
1.0;10
1.0;10
1.0;10
1.0;10
1.0;10
1.0;10
1.0;10
1.0;10
1.0;10
1.0;10
1.0;10
1.0;12
1.0;12
1.0;12
1.0;14
1.0;14
1.0;14
1.0;10
1.0;10
1.0;10
1.0;10
1.0;10
1.0;10
1.0;12
1.0;12
1.0;12
1.0;10
1.0;10
1.0;10
1.0;10
1.0;10
1.0;10
1.0;12
1.0;12
1.0;12
1.0;10
1.0;10
1.0;10
1.0;12
1.0;12
1.0;12
1.0;10
1.0;10
1.0;10
1.0;10
1.0;10
1.0;10
1.0;10
1.0;10
1.0;10
1.0;10
1.0;10
1.0;10
1.0;10
1.0;10
1.0;10
1.0;10
1.0;10
1.0;10
1.0;12
1.0;12
1.0;12
1.0;10
1.0;10
1.0;10
1.0;12
1.0;12
1.0;12
1.0;10
1.0;10
1.0;10
1.0;10
1.0;10
1.0;10
1.0;10
1.0;10
1.0;10
1.0;12
1.0;12
1.0;12
1.0;10
1.0;10
1.0;10
1.0;10
1.0;10
1.0;10
1.0;10
1.0;10
1.0;10
1.0;18
1.0;18
1.0;18
1.0;10
1.0;10
1.0;10
1.0;12
1.0;12
1.0;12
1.0;10
1.0;10
1.0;10
0.0;3
0.0;3
0.0;3
1.0;12
1.0;12
1.0;12
1.0;10
1.0;10
1.0;10
1.0;10
1.0;10
1.0;10
1.0;10
1.0;10
1.0;10
1.0;10
1.0;10
1.0;10
1.0;14
1.0;14
1.0;14
1.0;10
1.0;10
1.0;10
1.0;10
1.0;10
1.0;10
1.0;16
1.0;16
1.0;16
1.0;10
1.0;10
1.0;10
1.0;10
1.0;10
1.0;10
1.0;18
1.0;18
1.0;18
1.0;10
1.0;10
1.0;10
1.0;10
1.0;10
1.0;10
0.0;3
0.0;3
0.0;3
1.0;10
1.0;10
1.0;10
1.0;12
1.0;12
1.0;12
1.0;10
1.0;10
1.0;10
0.0;3
0.0;3
0.0;3
1.0;10
1.0;10
1.0;10
1.0;12
1.0;12
1.0;12
1.0;10
1.0;10
1.0;10
1.0;10
1.0;10
1.0;10
1.0;10
1.0;10
1.0;10
1.0;10
1.0;10
1.0;10
1.0;12
1.0;12
1.0;12
1.0;10
1.0;10
1.0;10
1.0;10
1.0;10
1.0;10
1.0;10
1.0;10
1.0;10
1.0;10
1.0;10
1.0;10
1.0;10
1.0;10
1.0;10
1.0;10
1.0;10
1.0;10
1.0;12
1.0;12
1.0;12
0.0;5
0.0;5
0.0;5
0.0;3
0.0;3
0.0;3
0.0;3
0.0;3
0.0;3
1.0;10
1.0;10
1.0;10
1.0;10
1.0;10
1.0;10
1.0;14
1.0;14
1.0;14
1.0;14
1.0;14
1.0;14
1.0;12
1.0;12
1.0;12
1.0;16
1.0;16
1.0;16
1.0;12
1.0;12
1.0;12
1.0;10
1.0;10
1.0;10
1.0;12
1.0;12
1.0;12
1.0;10
1.0;10
1.0;10
1.0;12
1.0;12
1.0;12
1.0;12
1.0;12
1.0;12
1.0;12
1.0;12
1.0;12
1.0;14
1.0;14
1.0;14
1.0;10
1.0;10
1.0;10
1.0;10
1.0;10
1.0;10
1.0;12
1.0;12
1.0;12
1.0;12
1.0;12
1.0;12
1.0;12
1.0;12
1.0;12
1.0;12
1.0;12
1.0;12
1.0;16
1.0;16
1.0;16
1.0;14
1.0;14
1.0;14
1.0;10
1.0;10
1.0;10
1.0;14
1.0;14
1.0;14
1.0;10
1.0;10
1.0;10
0.0;5
0.0;5
0.0;5
1.0;10
1.0;10
1.0;10
1.0;10
1.0;10
1.0;10
1.0;124
1.0;124
1.0;124
1.0;10
1.0;10
1.0;10
1.0;10
1.0;10
1.0;10
1.0;10
1.0;10
1.0;10
1.0;12
1.0;12
1.0;12
1.0;14
1.0;14
1.0;14
1.0;12
1.0;12
1.0;12
1.0;12
1.0;12
1.0;12
1.0;10
1.0;10
1.0;10
1.0;10
1.0;10
1.0;10
1.0;10
1.0;10
1.0;10
1.0;10
1.0;10
1.0;10
1.0;12
1.0;12
1.0;12
1.0;12
1.0;12
1.0;12
1.0;12
1.0;12
1.0;12
1.0;10
1.0;10
1.0;10
1.0;10
1.0;10
1.0;10
1.0;10
1.0;10
1.0;10
1.0;10
1.0;10
1.0;10
1.0;10
1.0;10
1.0;10
1.0;10
1.0;10
1.0;10
1.0;10
1.0;10
1.0;10
0.0;3
0.0;3
0.0;3
1.0;10
1.0;10
1.0;10
1.0;10
1.0;10
1.0;10
1.0;12
1.0;12
1.0;12
1.0;12
1.0;12
1.0;12
1.0;10
1.0;10
1.0;10
1.0;10
1.0;10
1.0;10
1.0;10
1.0;10
1.0;10
1.0;12
1.0;12
1.0;12
1.0;10
1.0;10
1.0;10
1.0;14
1.0;14
1.0;14
1.0;10
1.0;10
1.0;10
1.0;12
1.0;12
1.0;12
1.0;14
1.0;14
1.0;14
1.0;10
1.0;10
1.0;10
1.0;12
1.0;12
1.0;12
1.0;12
1.0;12
1.0;12
1.0;10
1.0;10
1.0;10
1.0;12
1.0;12
1.0;12
1.0;10
1.0;10
1.0;10
0.0;3
0.0;3
0.0;3
1.0;10
1.0;10
1.0;10
1.0;12
1.0;12
1.0;12
1.0;10
1.0;10
1.0;10
1.0;10
1.0;10
1.0;10
1.0;12
1.0;12
1.0;12
0.0;5
0.0;5
0.0;5
1.0;10
1.0;10
1.0;10
1.0;10
1.0;10
1.0;10
1.0;10
1.0;10
1.0;10
1.0;10
1.0;10
1.0;10
1.0;12
1.0;12
1.0;12
0.0;3
0.0;3
0.0;3
1.0;10
1.0;10
1.0;10
1.0;12
1.0;12
1.0;12
1.0;12
1.0;12
1.0;12
1.0;16
1.0;16
1.0;16
0.0;7
0.0;7
0.0;7
1.0;10
1.0;10
1.0;10
1.0;10
1.0;10
1.0;10
1.0;12
1.0;12
1.0;12
1.0;12
1.0;12
1.0;12
1.0;10
1.0;10
1.0;10
1.0;14
1.0;14
1.0;14
1.0;10
1.0;10
1.0;10
1.0;12
1.0;12
1.0;12
1.0;10
1.0;10
1.0;10
1.0;14
1.0;14
1.0;14
1.0;10
1.0;10
1.0;10
1.0;10
1.0;10
1.0;10
1.0;10
1.0;10
1.0;10
1.0;10
1.0;10
1.0;10
0.0;7
0.0;7
0.0;7
1.0;12
1.0;12
1.0;12
1.0;16
1.0;16
1.0;16
1.0;12
1.0;12
1.0;12
1.0;10
1.0;10
1.0;10
1.0;12
1.0;12
1.0;12
1.0;10
1.0;10
1.0;10
1.0;10
1.0;10
1.0;10
1.0;14
1.0;14
1.0;14
1.0;12
1.0;12
1.0;12
1.0;10
1.0;10
1.0;10
1.0;12
1.0;12
1.0;12
1.0;16
1.0;16
1.0;16
1.0;16
1.0;16
1.0;16
1.0;12
1.0;12
1.0;12
1.0;12
1.0;12
1.0;12
1.0;10
1.0;10
1.0;10
1.0;10
1.0;10
1.0;10
1.0;12
1.0;12
1.0;12
1.0;12
1.0;12
1.0;12
1.0;14
1.0;14
1.0;14
1.0;10
1.0;10
1.0;10
1.0;12
1.0;12
1.0;12
1.0;10
1.0;10
1.0;10
1.0;14
1.0;14
1.0;14
1.0;12
1.0;12
1.0;12
1.0;10
1.0;10
1.0;10
1.0;10
1.0;10
1.0;10
1.0;10
1.0;10
1.0;10
1.0;10
1.0;10
1.0;10
1.0;18
1.0;18
1.0;18
1.0;12
1.0;12
1.0;12
1.0;14
1.0;14
1.0;14
1.0;14
1.0;14
1.0;14
1.0;12
1.0;12
1.0;12
1.0;14
1.0;14
1.0;14
1.0;10
1.0;10
1.0;10
1.0;10
1.0;10
1.0;10
1.0;14
1.0;14
1.0;14
1.0;10
1.0;10
1.0;10
1.0;10
1.0;10
1.0;10
1.0;12
1.0;12
1.0;12
0.0;3
0.0;3
0.0;3
1.0;10
1.0;10
1.0;10
1.0;10
1.0;10
1.0;10
1.0;10
1.0;10
1.0;10
1.0;10
1.0;10
1.0;10
1.0;12
1.0;12
1.0;12
1.0;10
1.0;10
1.0;10
1.0;12
1.0;12
1.0;12
1.0;10
1.0;10
1.0;10
1.0;10
1.0;10
1.0;10
1.0;12
1.0;12
1.0;12
1.0;10
1.0;10
1.0;10
1.0;12
1.0;12
1.0;12
1.0;14
1.0;14
1.0;14
1.0;10
1.0;10
1.0;10
1.0;12
1.0;12
1.0;12
1.0;16
1.0;16
1.0;16
1.0;12
1.0;12
1.0;12
1.0;14
1.0;14
1.0;14
1.0;12
1.0;12
1.0;12
1.0;12
1.0;12
1.0;12
1.0;10
1.0;10
1.0;10
1.0;10
1.0;10
1.0;10
1.0;10
1.0;10
1.0;10
1.0;10
1.0;10
1.0;10
1.0;16
1.0;16
1.0;16
1.0;16
1.0;16
1.0;16
1.0;12
1.0;12
1.0;12
1.0;10
1.0;10
1.0;10
1.0;10
1.0;10
1.0;10
1.0;10
1.0;10
1.0;10
1.0;10
1.0;10
1.0;10
1.0;10
1.0;10
1.0;10
1.0;12
1.0;12
1.0;12
1.0;12
1.0;12
1.0;12
1.0;12
1.0;12
1.0;12
1.0;10
1.0;10
1.0;10
1.0;12
1.0;12
1.0;12
1.0;14
1.0;14
1.0;14
1.0;14
1.0;14
1.0;14
1.0;16
1.0;16
1.0;16
1.0;10
1.0;10
1.0;10
1.0;10
1.0;10
1.0;10
1.0;10
1.0;10
1.0;10
1.0;10
1.0;10
1.0;10
1.0;12
1.0;12
1.0;12
1.0;10
1.0;10
1.0;10
1.0;10
1.0;10
1.0;10
1.0;10
1.0;10
1.0;10
1.0;12
1.0;12
1.0;12
1.0;14
1.0;14
1.0;14
1.0;12
1.0;12
1.0;12
1.0;18
1.0;18
1.0;18
1.0;10
1.0;10
1.0;10
1.0;12
1.0;12
1.0;12
1.0;14
1.0;14
1.0;14
1.0;10
1.0;10
1.0;10
0.0;3
0.0;3
0.0;3
1.0;10
1.0;10
1.0;10
1.0;10
1.0;10
1.0;10
1.0;10
1.0;10
1.0;10
1.0;10
1.0;10
1.0;10
0.0;3
0.0;3
0.0;3
1.0;16
1.0;16
1.0;16
1.0;10
1.0;10
1.0;10
1.0;10
1.0;10
1.0;10
1.0;10
1.0;10
1.0;10
1.0;14
1.0;14
1.0;14
1.0;10
1.0;10
1.0;10
1.0;12
1.0;12
1.0;12
1.0;10
1.0;10
1.0;10
1.0;10
1.0;10
1.0;10
1.0;10
1.0;10
1.0;10
1.0;12
1.0;12
1.0;12
1.0;10
1.0;10
1.0;10
1.0;10
1.0;10
1.0;10
1.0;12
1.0;12
1.0;12
1.0;10
1.0;10
1.0;10
1.0;14
1.0;14
1.0;14
1.0;12
1.0;12
1.0;12
1.0;10
1.0;10
1.0;10
1.0;10
1.0;10
1.0;10
1.0;12
1.0;12
1.0;12
1.0;14
1.0;14
1.0;14
1.0;12
1.0;12
1.0;12
1.0;12
1.0;12
1.0;12
1.0;10
1.0;10
1.0;10
1.0;12
1.0;12
1.0;12
1.0;10
1.0;10
1.0;10
1.0;12
1.0;12
1.0;12
1.0;12
1.0;12
1.0;12
1.0;10
1.0;10
1.0;10
1.0;10
1.0;10
1.0;10
1.0;10
1.0;10
1.0;10
1.0;10
1.0;10
1.0;10
1.0;12
1.0;12
1.0;12
1.0;10
1.0;10
1.0;10
1.0;10
1.0;10
1.0;10
1.0;14
1.0;14
1.0;14
1.0;10
1.0;10
1.0;10
1.0;10
1.0;10
1.0;10
1.0;12
1.0;12
1.0;12
1.0;12
1.0;12
1.0;12
1.0;10
1.0;10
1.0;10
1.0;10
1.0;10
1.0;10
1.0;10
1.0;10
1.0;10
1.0;14
1.0;14
1.0;14
1.0;14
1.0;14
1.0;14
1.0;12
1.0;12
1.0;12
1.0;14
1.0;14
1.0;14
1.0;12
1.0;12
1.0;12
0.0;3
0.0;3
0.0;3
1.0;12
1.0;12
1.0;12
1.0;10
1.0;10
1.0;10
1.0;12
1.0;12
1.0;12
1.0;12
1.0;12
1.0;12
1.0;12
1.0;12
1.0;12
1.0;14
1.0;14
1.0;14
1.0;12
1.0;12
1.0;12
1.0;12
1.0;12
1.0;12
1.0;10
1.0;10
1.0;10
0.0;3
0.0;3
0.0;3
1.0;10
1.0;10
1.0;10
1.0;10
1.0;10
1.0;10
1.0;10
1.0;10
1.0;10
