0.0;124
1.0;194
1.0;194
0.0;38
0.0;38
0.0;42
0.0;42
0.0;173
0.0;173
0.0;61
0.0;61
0.0;15
0.0;15
0.0;21
0.0;21
0.0;7
0.0;7
0.0;80
0.0;80
0.0;27
0.0;27
0.0;23
0.0;23
0.0;45
0.0;45
0.0;131
0.0;131
1.0;47
1.0;47
0.0;117
0.0;117
0.0;9
0.0;9
0.0;17
0.0;17
0.0;23
0.0;23
0.0;7
0.0;7
0.0;9
0.0;9
0.0;53
0.0;53
0.0;20
0.0;20
0.0;15
0.0;15
0.0;8
0.0;8
0.0;26
0.0;26
0.0;17
0.0;17
0.0;6
0.0;6
0.0;25
0.0;25
0.0;17
0.0;17
0.0;18
0.0;18
0.0;10
0.0;10
0.0;15
0.0;15
0.0;500
0.0;500
0.0;8
0.0;8
0.0;7
0.0;7
0.0;16
0.0;16
0.0;11
0.0;11
0.0;10
0.0;10
0.0;13
0.0;13
0.0;19
0.0;19
0.0;23
0.0;23
0.0;7
0.0;7
0.0;13
0.0;13
0.0;19
0.0;19
0.0;20
0.0;20
0.0;8
0.0;8
0.0;7
0.0;7
1.0;66
1.0;66
0.0;8
0.0;8
0.0;9
0.0;9
0.0;12
0.0;12
0.0;7
0.0;7
0.0;10
0.0;10
0.0;11
0.0;11
0.0;9
0.0;9
0.0;7
0.0;7
0.0;11
0.0;11
0.0;9
0.0;9
0.0;12
0.0;12
0.0;9
0.0;9
0.0;14
0.0;14
0.0;7
0.0;7
0.0;41
0.0;41
0.0;7
0.0;7
0.0;356
0.0;356
0.0;7
0.0;7
0.0;7
0.0;7
0.0;8
0.0;8
0.0;7
0.0;7
0.0;7
0.0;7
0.0;9
0.0;9
0.0;11
0.0;11
0.0;9
0.0;9
0.0;6
0.0;6
0.0;7
0.0;7
0.0;11
0.0;11
0.0;7
0.0;7
0.0;7
0.0;7
0.0;7
0.0;7
0.0;19
0.0;19
0.0;7
0.0;7
0.0;7
0.0;7
0.0;7
0.0;7
0.0;9
0.0;9
0.0;9
0.0;9
0.0;7
0.0;7
0.0;7
0.0;7
0.0;7
0.0;7
0.0;7
0.0;7
0.0;99
0.0;99
0.0;7
0.0;7
0.0;7
0.0;7
0.0;7
0.0;7
0.0;11
0.0;11
0.0;7
0.0;7
0.0;9
0.0;9
0.0;7
0.0;7
0.0;13
0.0;13
0.0;9
0.0;9
1.0;178
1.0;178
0.0;33
0.0;33
0.0;58
0.0;58
1.0;350
1.0;350
0.0;139
0.0;139
1.0;28
1.0;28
1.0;96
1.0;96
0.0;68
0.0;68
0.0;67
0.0;67
0.0;135
0.0;135
0.0;67
0.0;67
0.0;187
0.0;187
1.0;77
1.0;77
0.0;15
0.0;15
0.0;144
0.0;144
1.0;108
1.0;108
0.0;93
0.0;93
1.0;342
1.0;342
1.0;294
1.0;294
0.0;7
0.0;7
1.0;123
1.0;123
0.0;15
0.0;15
1.0;21
1.0;21
0.0;101
0.0;101
0.0;500
0.0;500
1.0;178
1.0;178
0.0;91
0.0;91
0.0;327
0.0;327
1.0;92
1.0;92
0.0;131
0.0;131
0.0;500
0.0;500
1.0;147
1.0;147
1.0;166
1.0;166
1.0;42
1.0;42
0.0;74
0.0;74
0.0;195
0.0;195
1.0;38
1.0;38
1.0;35
1.0;35
1.0;35
1.0;35
1.0;116
1.0;116
1.0;68
1.0;68
1.0;91
1.0;91
0.0;264
0.0;264
0.0;18
0.0;18
1.0;22
1.0;22
1.0;33
1.0;33
1.0;101
1.0;101
1.0;147
1.0;147
1.0;32
1.0;32
0.0;500
0.0;500
0.0;99
0.0;99
1.0;40
1.0;40
0.0;113
0.0;113
1.0;144
1.0;144
1.0;73
1.0;73
1.0;37
1.0;37
0.0;114
0.0;114
0.0;85
0.0;85
1.0;110
1.0;110
1.0;124
1.0;124
1.0;60
1.0;60
0.0;137
0.0;137
0.0;231
0.0;231
1.0;36
1.0;36
1.0;57
1.0;57
0.0;43
0.0;43
0.0;85
0.0;85
0.0;18
0.0;18
1.0;189
1.0;189
1.0;82
1.0;82
1.0;30
1.0;30
1.0;79
1.0;79
1.0;54
1.0;54
1.0;45
1.0;45
1.0;102
1.0;102
1.0;49
1.0;49
1.0;26
1.0;26
1.0;47
1.0;47
1.0;13
1.0;13
1.0;159
1.0;159
1.0;451
1.0;451
1.0;425
1.0;425
0.0;170
0.0;170
1.0;23
1.0;23
1.0;32
1.0;32
1.0;206
1.0;206
0.0;117
0.0;117
0.0;257
0.0;257
1.0;81
1.0;81
1.0;26
1.0;26
1.0;92
1.0;92
1.0;24
1.0;24
0.0;293
0.0;293
1.0;296
1.0;296
0.0;307
0.0;307
0.0;119
0.0;119
1.0;50
1.0;50
1.0;96
1.0;96
0.0;500
0.0;500
1.0;20
1.0;20
1.0;19
1.0;19
1.0;71
1.0;71
1.0;229
1.0;229
0.0;9
0.0;9
1.0;34
1.0;34
1.0;234
1.0;234
1.0;182
1.0;182
0.0;7
0.0;7
1.0;32
1.0;32
1.0;23
1.0;23
0.0;30
0.0;30
1.0;74
1.0;74
1.0;15
1.0;15
1.0;65
1.0;65
1.0;17
1.0;17
1.0;133
1.0;133
1.0;89
1.0;89
1.0;22
1.0;22
1.0;73
1.0;73
1.0;216
1.0;216
1.0;27
1.0;27
1.0;48
1.0;48
0.0;170
0.0;170
1.0;64
1.0;64
1.0;143
1.0;143
1.0;31
1.0;31
0.0;6
0.0;6
1.0;65
1.0;65
1.0;60
1.0;60
1.0;104
1.0;104
1.0;53
1.0;53
1.0;268
1.0;268
1.0;52
1.0;52
1.0;18
1.0;18
1.0;36
1.0;36
1.0;29
1.0;29
1.0;87
1.0;87
1.0;51
1.0;51
1.0;442
1.0;442
1.0;113
1.0;113
1.0;32
1.0;32
1.0;17
1.0;17
1.0;36
1.0;36
1.0;25
1.0;25
1.0;265
1.0;265
1.0;23
1.0;23
0.0;126
0.0;126
1.0;25
1.0;25
1.0;18
1.0;18
1.0;47
1.0;47
1.0;47
1.0;47
1.0;51
1.0;51
1.0;46
1.0;46
1.0;129
1.0;129
1.0;26
1.0;26
0.0;25
0.0;25
1.0;17
1.0;17
1.0;27
1.0;27
1.0;66
1.0;66
0.0;21
0.0;21
1.0;41
1.0;41
1.0;106
1.0;106
1.0;124
1.0;124
0.0;500
0.0;500
1.0;37
1.0;37
1.0;68
1.0;68
1.0;86
1.0;86
1.0;57
1.0;57
1.0;48
1.0;48
1.0;22
1.0;22
1.0;248
1.0;248
1.0;20
1.0;20
1.0;43
1.0;43
0.0;7
0.0;7
1.0;25
1.0;25
1.0;59
1.0;59
1.0;40
1.0;40
1.0;21
1.0;21
1.0;277
1.0;277
1.0;66
1.0;66
1.0;17
1.0;17
0.0;18
0.0;18
1.0;15
1.0;15
1.0;246
1.0;246
1.0;25
1.0;25
1.0;24
1.0;24
1.0;31
1.0;31
1.0;37
1.0;37
1.0;49
1.0;49
1.0;18
1.0;18
1.0;15
1.0;15
1.0;30
1.0;30
0.0;500
0.0;500
1.0;21
1.0;21
1.0;25
1.0;25
1.0;15
1.0;15
1.0;136
1.0;136
1.0;23
1.0;23
1.0;20
1.0;20
1.0;22
1.0;22
0.0;23
0.0;23
0.0;68
0.0;68
1.0;13
1.0;13
1.0;19
1.0;19
1.0;41
1.0;41
1.0;150
1.0;150
1.0;15
1.0;15
1.0;63
1.0;63
0.0;9
0.0;9
1.0;14
1.0;14
1.0;35
1.0;35
1.0;22
1.0;22
1.0;87
1.0;87
1.0;48
1.0;48
0.0;256
0.0;256
1.0;21
1.0;21
1.0;24
1.0;24
1.0;20
1.0;20
1.0;24
1.0;24
1.0;21
1.0;21
0.0;7
0.0;7
0.0;7
0.0;7
0.0;7
0.0;7
1.0;33
1.0;33
1.0;90
1.0;90
1.0;23
1.0;23
1.0;15
1.0;15
0.0;500
0.0;500
0.0;12
0.0;12
0.0;7
0.0;7
1.0;17
1.0;17
1.0;16
1.0;16
1.0;26
1.0;26
1.0;16
1.0;16
1.0;22
1.0;22
1.0;181
1.0;181
1.0;15
1.0;15
1.0;22
1.0;22
1.0;109
1.0;109
1.0;28
1.0;28
1.0;15
1.0;15
0.0;34
0.0;34
1.0;29
1.0;29
0.0;186
0.0;186
1.0;234
1.0;234
1.0;63
1.0;63
1.0;67
1.0;67
1.0;27
1.0;27
1.0;15
1.0;15
1.0;27
1.0;27
1.0;16
1.0;16
1.0;13
1.0;13
1.0;17
1.0;17
1.0;41
1.0;41
1.0;20
1.0;20
1.0;57
1.0;57
0.0;296
0.0;296
1.0;19
1.0;19
1.0;24
1.0;24
1.0;13
1.0;13
1.0;16
1.0;16
0.0;7
0.0;7
1.0;26
1.0;26
1.0;71
1.0;71
1.0;33
1.0;33
1.0;19
1.0;19
1.0;20
1.0;20
1.0;19
1.0;19
1.0;18
1.0;18
1.0;13
1.0;13
1.0;19
1.0;19
0.0;13
0.0;13
1.0;13
1.0;13
1.0;35
1.0;35
1.0;25
1.0;25
1.0;54
1.0;54
1.0;49
1.0;49
0.0;7
0.0;7
1.0;16
1.0;16
1.0;17
1.0;17
0.0;11
0.0;11
1.0;27
1.0;27
1.0;14
1.0;14
1.0;100
1.0;100
1.0;31
1.0;31
1.0;19
1.0;19
1.0;23
1.0;23
1.0;23
1.0;23
1.0;57
1.0;57
1.0;19
1.0;19
1.0;16
1.0;16
1.0;20
1.0;20
1.0;15
1.0;15
1.0;17
1.0;17
1.0;31
1.0;31
1.0;15
1.0;15
0.0;92
0.0;92
1.0;13
1.0;13
1.0;16
1.0;16
1.0;13
1.0;13
1.0;13
1.0;13
1.0;16
1.0;16
1.0;20
1.0;20
1.0;13
1.0;13
0.0;114
0.0;114
1.0;17
1.0;17
1.0;17
1.0;17
1.0;15
1.0;15
1.0;288
1.0;288
0.0;52
0.0;52
1.0;22
1.0;22
0.0;7
0.0;7
1.0;16
1.0;16
1.0;16
1.0;16
1.0;15
1.0;15
1.0;15
1.0;15
1.0;14
1.0;14
0.0;7
0.0;7
1.0;15
1.0;15
1.0;14
1.0;14
0.0;7
0.0;7
1.0;13
1.0;13
1.0;25
1.0;25
1.0;19
1.0;19
1.0;17
1.0;17
1.0;13
1.0;13
1.0;19
1.0;19
1.0;13
1.0;13
1.0;15
1.0;15
1.0;15
1.0;15
1.0;17
1.0;17
0.0;9
0.0;9
1.0;13
1.0;13
0.0;7
0.0;7
1.0;17
1.0;17
1.0;13
1.0;13
1.0;13
1.0;13
1.0;13
1.0;13
1.0;15
1.0;15
1.0;15
1.0;15
1.0;13
1.0;13
1.0;13
1.0;13
1.0;17
1.0;17
1.0;15
1.0;15
1.0;15
1.0;15
1.0;40
1.0;40
0.0;9
0.0;9
1.0;15
1.0;15
1.0;15
1.0;15
1.0;13
1.0;13
0.0;11
0.0;11
1.0;13
1.0;13
1.0;17
1.0;17
0.0;9
0.0;9
1.0;13
1.0;13
1.0;15
1.0;15
1.0;15
1.0;15
1.0;138
1.0;138
1.0;15
1.0;15
1.0;13
1.0;13
0.0;7
0.0;7
0.0;7
0.0;7
1.0;15
1.0;15
1.0;15
1.0;15
1.0;25
1.0;25
1.0;17
1.0;17
1.0;13
1.0;13
1.0;15
1.0;15
1.0;15
1.0;15
1.0;13
1.0;13
1.0;15
1.0;15
0.0;9
0.0;9
1.0;13
1.0;13
1.0;17
1.0;17
1.0;13
1.0;13
1.0;15
1.0;15
1.0;15
1.0;15
1.0;13
1.0;13
1.0;17
1.0;17
1.0;13
1.0;13
1.0;13
1.0;13
1.0;17
1.0;17
1.0;19
1.0;19
1.0;17
1.0;17
1.0;15
1.0;15
1.0;15
1.0;15
1.0;17
1.0;17
1.0;15
1.0;15
1.0;13
1.0;13
1.0;15
1.0;15
1.0;13
1.0;13
1.0;13
1.0;13
0.0;7
0.0;7
1.0;13
1.0;13
1.0;13
1.0;13
1.0;13
1.0;13
1.0;13
1.0;13
1.0;13
1.0;13
1.0;13
1.0;13
1.0;13
1.0;13
1.0;17
1.0;17
1.0;21
1.0;21
1.0;13
1.0;13
1.0;15
1.0;15
1.0;13
1.0;13
1.0;15
1.0;15
1.0;13
1.0;13
1.0;15
1.0;15
1.0;13
1.0;13
0.0;7
0.0;7
1.0;13
1.0;13
1.0;13
1.0;13
1.0;13
1.0;13
1.0;15
1.0;15
1.0;17
1.0;17
1.0;13
1.0;13
1.0;13
1.0;13
1.0;15
1.0;15
1.0;13
1.0;13
1.0;15
1.0;15
0.0;7
0.0;7
1.0;15
1.0;15
1.0;15
1.0;15
1.0;17
1.0;17
1.0;15
1.0;15
1.0;15
1.0;15
1.0;15
1.0;15
1.0;13
1.0;13
1.0;13
1.0;13
1.0;13
1.0;13
1.0;15
1.0;15
1.0;13
1.0;13
1.0;17
1.0;17
1.0;15
1.0;15
1.0;17
1.0;17
1.0;15
1.0;15
1.0;17
1.0;17
1.0;17
1.0;17
1.0;17
1.0;17
1.0;13
1.0;13
0.0;9
0.0;9
1.0;13
1.0;13
1.0;15
1.0;15
1.0;13
1.0;13
1.0;13
1.0;13
1.0;17
1.0;17
1.0;13
1.0;13
0.0;7
0.0;7
1.0;13
1.0;13
0.0;7
0.0;7
1.0;13
1.0;13
0.0;7
0.0;7
1.0;17
1.0;17
1.0;13
1.0;13
1.0;13
1.0;13
1.0;19
1.0;19
1.0;15
1.0;15
1.0;17
1.0;17
1.0;17
1.0;17
1.0;13
1.0;13
1.0;17
1.0;17
1.0;13
1.0;13
1.0;15
1.0;15
1.0;13
1.0;13
1.0;19
1.0;19
0.0;7
0.0;7
1.0;15
1.0;15
1.0;15
1.0;15
1.0;17
1.0;17
1.0;15
1.0;15
1.0;15
1.0;15
1.0;15
1.0;15
1.0;15
1.0;15
0.0;11
0.0;11
1.0;13
1.0;13
1.0;15
1.0;15
1.0;17
1.0;17
1.0;13
1.0;13
1.0;13
1.0;13
1.0;13
1.0;13
1.0;15
1.0;15
1.0;13
1.0;13
1.0;15
1.0;15
1.0;17
1.0;17
1.0;17
1.0;17
1.0;13
1.0;13
1.0;17
1.0;17
1.0;17
1.0;17
1.0;13
1.0;13
1.0;15
1.0;15
0.0;7
0.0;7
1.0;15
1.0;15
1.0;13
1.0;13
1.0;15
1.0;15
1.0;13
1.0;13
1.0;15
1.0;15
1.0;13
1.0;13
1.0;13
1.0;13
1.0;15
1.0;15
1.0;17
1.0;17
1.0;17
1.0;17
1.0;13
1.0;13
0.0;7
0.0;7
1.0;15
1.0;15
1.0;17
1.0;17
1.0;13
1.0;13
1.0;15
1.0;15
1.0;13
1.0;13
1.0;13
1.0;13
1.0;29
1.0;29
1.0;13
1.0;13
1.0;17
1.0;17
1.0;13
1.0;13
1.0;13
1.0;13
1.0;13
1.0;13
1.0;13
1.0;13
0.0;11
0.0;11
1.0;13
1.0;13
1.0;13
1.0;13
1.0;13
1.0;13
1.0;15
1.0;15
0.0;7
0.0;7
1.0;15
1.0;15
0.0;7
0.0;7
1.0;15
1.0;15
1.0;19
1.0;19
1.0;13
1.0;13
1.0;15
1.0;15
1.0;13
1.0;13
1.0;13
1.0;13
1.0;15
1.0;15
1.0;17
1.0;17
0.0;7
0.0;7
1.0;15
1.0;15
1.0;13
1.0;13
1.0;15
1.0;15
1.0;13
1.0;13
1.0;19
1.0;19
1.0;13
1.0;13
1.0;15
1.0;15
1.0;15
1.0;15
1.0;15
1.0;15
1.0;17
1.0;17
1.0;13
1.0;13
1.0;13
1.0;13
1.0;13
1.0;13
1.0;17
1.0;17
1.0;13
1.0;13
1.0;15
1.0;15
1.0;13
1.0;13
1.0;15
1.0;15
1.0;13
1.0;13
0.0;7
0.0;7
1.0;21
1.0;21
1.0;23
1.0;23
1.0;15
1.0;15
1.0;13
1.0;13
1.0;13
1.0;13
1.0;15
1.0;15
1.0;15
1.0;15
1.0;17
1.0;17
0.0;7
0.0;7
1.0;15
1.0;15
1.0;15
1.0;15
1.0;13
1.0;13
1.0;15
1.0;15
1.0;13
1.0;13
1.0;17
1.0;17
1.0;15
1.0;15
1.0;13
1.0;13
1.0;15
1.0;15
1.0;13
1.0;13
1.0;17
1.0;17
1.0;17
1.0;17
1.0;13
1.0;13
1.0;13
1.0;13
1.0;13
1.0;13
1.0;13
1.0;13
1.0;15
1.0;15
1.0;15
1.0;15
1.0;13
1.0;13
1.0;13
1.0;13
1.0;13
1.0;13
1.0;17
1.0;17
1.0;15
1.0;15
1.0;17
1.0;17
0.0;7
0.0;7
1.0;15
1.0;15
1.0;13
1.0;13
1.0;13
1.0;13
1.0;19
1.0;19
1.0;13
1.0;13
1.0;13
1.0;13
1.0;17
1.0;17
1.0;15
1.0;15
1.0;13
1.0;13
1.0;15
1.0;15
1.0;15
1.0;15
1.0;19
1.0;19
1.0;17
1.0;17
1.0;13
1.0;13
1.0;17
1.0;17
1.0;13
1.0;13
1.0;13
1.0;13
1.0;19
1.0;19
1.0;21
1.0;21
1.0;13
1.0;13
1.0;15
1.0;15
1.0;17
1.0;17
1.0;15
1.0;15
1.0;13
1.0;13
1.0;13
1.0;13
1.0;13
1.0;13
1.0;15
1.0;15
0.0;7
0.0;7
1.0;13
1.0;13
1.0;15
1.0;15
1.0;13
1.0;13
1.0;13
1.0;13
1.0;17
1.0;17
1.0;13
1.0;13
1.0;17
1.0;17
1.0;15
1.0;15
1.0;15
1.0;15
1.0;15
1.0;15
1.0;13
1.0;13
1.0;21
1.0;21
1.0;17
1.0;17
0.0;9
0.0;9
1.0;13
1.0;13
1.0;13
1.0;13
1.0;17
1.0;17
1.0;13
1.0;13
1.0;15
1.0;15
1.0;19
1.0;19
1.0;13
1.0;13
1.0;15
1.0;15
1.0;13
1.0;13
1.0;15
1.0;15
1.0;13
1.0;13
1.0;17
1.0;17
1.0;15
1.0;15
1.0;13
1.0;13
1.0;15
1.0;15
1.0;15
1.0;15
1.0;15
1.0;15
1.0;17
1.0;17
1.0;15
1.0;15
1.0;17
1.0;17
1.0;17
1.0;17
1.0;15
1.0;15
1.0;15
1.0;15
1.0;17
1.0;17
1.0;13
1.0;13
1.0;15
1.0;15
1.0;13
1.0;13
1.0;13
1.0;13
1.0;13
1.0;13
1.0;13
1.0;13
1.0;15
1.0;15
1.0;15
1.0;15
1.0;17
1.0;17
1.0;13
1.0;13
1.0;17
1.0;17
1.0;15
1.0;15
1.0;15
1.0;15
1.0;15
1.0;15
1.0;15
1.0;15
0.0;7
0.0;7
0.0;7
0.0;7
1.0;13
1.0;13
0.0;7
0.0;7
1.0;13
1.0;13
1.0;19
1.0;19
1.0;13
1.0;13
1.0;15
1.0;15
0.0;11
0.0;11
1.0;17
1.0;17
1.0;13
1.0;13
1.0;15
1.0;15
1.0;19
1.0;19
0.0;7
0.0;7
1.0;19
1.0;19
1.0;13
1.0;13
1.0;13
1.0;13
1.0;13
1.0;13
1.0;17
1.0;17
1.0;17
1.0;17
1.0;13
1.0;13
1.0;13
1.0;13
1.0;17
1.0;17
1.0;15
1.0;15
1.0;17
1.0;17
1.0;13
1.0;13
0.0;7
0.0;7
1.0;13
1.0;13
1.0;13
1.0;13
1.0;23
1.0;23
1.0;13
1.0;13
1.0;13
1.0;13
1.0;13
1.0;13
1.0;13
1.0;13
0.0;7
0.0;7
1.0;13
1.0;13
1.0;13
1.0;13
0.0;7
0.0;7
1.0;13
1.0;13
1.0;13
1.0;13
1.0;13
1.0;13
1.0;15
1.0;15
1.0;17
1.0;17
1.0;15
1.0;15
1.0;19
1.0;19
0.0;7
0.0;7
1.0;19
1.0;19
1.0;13
1.0;13
1.0;13
1.0;13
1.0;13
1.0;13
1.0;13
1.0;13
1.0;13
1.0;13
1.0;23
1.0;23
1.0;19
1.0;19
1.0;15
1.0;15
1.0;15
1.0;15
1.0;17
1.0;17
1.0;13
1.0;13
1.0;15
1.0;15
1.0;13
1.0;13
1.0;13
1.0;13
1.0;13
1.0;13
1.0;13
1.0;13
1.0;19
1.0;19
1.0;15
1.0;15
1.0;17
1.0;17
1.0;13
1.0;13
1.0;13
1.0;13
1.0;13
1.0;13
1.0;19
1.0;19
1.0;13
1.0;13
0.0;7
0.0;7
1.0;13
1.0;13
1.0;15
1.0;15
1.0;17
1.0;17
1.0;13
1.0;13
0.0;7
0.0;7
1.0;15
1.0;15
1.0;13
1.0;13
1.0;15
1.0;15
1.0;13
1.0;13
1.0;13
1.0;13
1.0;13
1.0;13
1.0;13
1.0;13
1.0;15
1.0;15
1.0;13
1.0;13
1.0;19
1.0;19
1.0;15
1.0;15
1.0;13
1.0;13
0.0;15
0.0;15
0.0;9
0.0;9
1.0;13
1.0;13
1.0;13
1.0;13
1.0;13
1.0;13
1.0;13
1.0;13
1.0;13
1.0;13
1.0;13
1.0;13
1.0;13
1.0;13
1.0;13
1.0;13
1.0;17
1.0;17
0.0;7
0.0;7
1.0;17
1.0;17
0.0;7
0.0;7
1.0;15
1.0;15
1.0;13
1.0;13
0.0;7
0.0;7
0.0;7
0.0;7
1.0;13
1.0;13
0.0;7
0.0;7
1.0;17
1.0;17
1.0;17
1.0;17
1.0;15
1.0;15
1.0;13
1.0;13
1.0;15
1.0;15
0.0;7
0.0;7
1.0;13
1.0;13
1.0;13
1.0;13
1.0;15
1.0;15
0.0;7
0.0;7
1.0;13
1.0;13
1.0;15
1.0;15
1.0;13
1.0;13
1.0;13
1.0;13
0.0;7
0.0;7
1.0;17
1.0;17
1.0;13
1.0;13
1.0;13
1.0;13
1.0;21
1.0;21
1.0;17
1.0;17
1.0;13
1.0;13
0.0;7
0.0;7
1.0;17
1.0;17
1.0;15
1.0;15
1.0;13
1.0;13
1.0;13
1.0;13
1.0;13
1.0;13
1.0;17
1.0;17
1.0;15
1.0;15
0.0;7
0.0;7
1.0;13
1.0;13
1.0;15
1.0;15
1.0;19
1.0;19
1.0;15
1.0;15
1.0;13
1.0;13
1.0;15
1.0;15
1.0;19
1.0;19
1.0;13
1.0;13
1.0;13
1.0;13
1.0;13
1.0;13
1.0;15
1.0;15
1.0;17
1.0;17
1.0;21
1.0;21
1.0;13
1.0;13
1.0;13
1.0;13
1.0;15
1.0;15
1.0;13
1.0;13
1.0;13
1.0;13
1.0;17
1.0;17
1.0;13
1.0;13
1.0;13
1.0;13
1.0;13
1.0;13
1.0;13
1.0;13
1.0;17
1.0;17
1.0;13
1.0;13
1.0;13
1.0;13
1.0;17
1.0;17
1.0;15
1.0;15
1.0;15
1.0;15
1.0;13
1.0;13
1.0;17
1.0;17
1.0;15
1.0;15
1.0;15
1.0;15
1.0;15
1.0;15
0.0;7
0.0;7
1.0;15
1.0;15
1.0;13
1.0;13
1.0;19
1.0;19
0.0;7
0.0;7
1.0;17
1.0;17
1.0;13
1.0;13
1.0;13
1.0;13
1.0;13
1.0;13
1.0;13
1.0;13
1.0;17
1.0;17
1.0;13
1.0;13
1.0;19
1.0;19
0.0;7
0.0;7
1.0;15
1.0;15
1.0;23
1.0;23
1.0;15
1.0;15
1.0;13
1.0;13
1.0;13
1.0;13
1.0;13
1.0;13
0.0;7
0.0;7
1.0;17
1.0;17
1.0;15
1.0;15
1.0;13
1.0;13
1.0;15
1.0;15
1.0;13
1.0;13
1.0;13
1.0;13
1.0;13
1.0;13
1.0;13
1.0;13
1.0;15
1.0;15
0.0;7
0.0;7
1.0;15
1.0;15
1.0;15
1.0;15
1.0;13
1.0;13
1.0;13
1.0;13
1.0;13
1.0;13
1.0;13
1.0;13
1.0;13
1.0;13
1.0;15
1.0;15
1.0;17
1.0;17
1.0;15
1.0;15
1.0;13
1.0;13
1.0;21
1.0;21
1.0;13
1.0;13
0.0;7
0.0;7
1.0;15
1.0;15
1.0;13
1.0;13
1.0;13
1.0;13
1.0;15
1.0;15
1.0;15
1.0;15
1.0;17
1.0;17
1.0;17
1.0;17
0.0;11
0.0;11
1.0;17
1.0;17
1.0;15
1.0;15
1.0;15
1.0;15
1.0;13
1.0;13
1.0;17
1.0;17
1.0;13
1.0;13
0.0;7
0.0;7
1.0;13
1.0;13
1.0;17
1.0;17
1.0;17
1.0;17
1.0;13
1.0;13
1.0;13
1.0;13
1.0;13
1.0;13
1.0;13
1.0;13
1.0;15
1.0;15
1.0;13
1.0;13
1.0;17
1.0;17
1.0;23
1.0;23
1.0;15
1.0;15
1.0;15
1.0;15
1.0;15
1.0;15
0.0;15
0.0;15
1.0;17
1.0;17
1.0;13
1.0;13
1.0;13
1.0;13
1.0;13
1.0;13
1.0;15
1.0;15
1.0;13
1.0;13
1.0;17
1.0;17
1.0;15
1.0;15
0.0;9
0.0;9
1.0;13
1.0;13
1.0;13
1.0;13
1.0;13
1.0;13
1.0;13
1.0;13
1.0;13
1.0;13
1.0;13
1.0;13
1.0;15
1.0;15
0.0;7
0.0;7
1.0;13
1.0;13
1.0;13
1.0;13
1.0;15
1.0;15
1.0;15
1.0;15
1.0;17
1.0;17
1.0;15
1.0;15
1.0;15
1.0;15
1.0;15
1.0;15
1.0;17
1.0;17
1.0;13
1.0;13
1.0;15
1.0;15
1.0;19
1.0;19
1.0;17
1.0;17
1.0;15
1.0;15
1.0;15
1.0;15
1.0;15
1.0;15
1.0;13
1.0;13
1.0;13
1.0;13
1.0;13
1.0;13
1.0;13
1.0;13
1.0;13
1.0;13
1.0;15
1.0;15
1.0;13
1.0;13
1.0;15
1.0;15
1.0;13
1.0;13
1.0;15
1.0;15
1.0;13
1.0;13
1.0;13
1.0;13
0.0;11
0.0;11
1.0;13
1.0;13
1.0;15
1.0;15
1.0;15
1.0;15
1.0;13
1.0;13
1.0;21
1.0;21
1.0;15
1.0;15
1.0;13
1.0;13
1.0;15
1.0;15
1.0;13
1.0;13
1.0;13
1.0;13
1.0;13
1.0;13
1.0;15
1.0;15
1.0;19
1.0;19
1.0;17
1.0;17
1.0;15
1.0;15
1.0;15
1.0;15
1.0;13
1.0;13
0.0;9
0.0;9
1.0;13
1.0;13
0.0;13
0.0;13
1.0;17
1.0;17
1.0;17
1.0;17
1.0;13
1.0;13
1.0;13
1.0;13
1.0;15
1.0;15
1.0;13
1.0;13
1.0;15
1.0;15
1.0;15
1.0;15
1.0;15
1.0;15
1.0;15
1.0;15
1.0;13
1.0;13
1.0;13
1.0;13
1.0;13
1.0;13
1.0;13
1.0;13
1.0;17
1.0;17
1.0;21
1.0;21
1.0;13
1.0;13
1.0;15
1.0;15
0.0;9
0.0;9
1.0;15
1.0;15
1.0;21
1.0;21
0.0;7
0.0;7
1.0;15
1.0;15
1.0;19
1.0;19
1.0;13
1.0;13
1.0;19
1.0;19
0.0;7
0.0;7
1.0;13
1.0;13
1.0;15
1.0;15
1.0;15
1.0;15
1.0;13
1.0;13
1.0;13
1.0;13
1.0;21
1.0;21
1.0;15
1.0;15
1.0;13
1.0;13
1.0;21
1.0;21
1.0;19
1.0;19
1.0;13
1.0;13
1.0;15
1.0;15
1.0;13
1.0;13
1.0;13
1.0;13
1.0;17
1.0;17
1.0;15
1.0;15
1.0;15
1.0;15
1.0;15
1.0;15
1.0;13
1.0;13
1.0;13
1.0;13
1.0;19
1.0;19
1.0;23
1.0;23
1.0;13
1.0;13
1.0;13
1.0;13
1.0;15
1.0;15
1.0;13
1.0;13
0.0;7
0.0;7
1.0;15
1.0;15
1.0;13
1.0;13
1.0;15
1.0;15
1.0;13
1.0;13
1.0;17
1.0;17
1.0;21
1.0;21
0.0;9
0.0;9
1.0;15
1.0;15
1.0;17
1.0;17
1.0;13
1.0;13
1.0;13
1.0;13
1.0;15
1.0;15
1.0;17
1.0;17
1.0;13
1.0;13
1.0;13
1.0;13
1.0;13
1.0;13
1.0;13
1.0;13
0.0;11
0.0;11
1.0;17
1.0;17
1.0;15
1.0;15
1.0;15
1.0;15
0.0;7
0.0;7
1.0;15
1.0;15
1.0;15
1.0;15
1.0;15
1.0;15
1.0;13
1.0;13
1.0;17
1.0;17
1.0;17
1.0;17
1.0;15
1.0;15
0.0;7
0.0;7
1.0;19
1.0;19
1.0;15
1.0;15
1.0;13
1.0;13
1.0;15
1.0;15
1.0;15
1.0;15
1.0;15
1.0;15
1.0;15
1.0;15
1.0;15
1.0;15
1.0;15
1.0;15
1.0;17
1.0;17
1.0;15
1.0;15
1.0;13
1.0;13
1.0;13
1.0;13
1.0;17
1.0;17
1.0;23
1.0;23
1.0;15
1.0;15
1.0;15
1.0;15
1.0;13
1.0;13
0.0;9
0.0;9
1.0;13
1.0;13
1.0;17
1.0;17
1.0;13
1.0;13
1.0;13
1.0;13
1.0;17
1.0;17
0.0;7
0.0;7
1.0;13
1.0;13
1.0;13
1.0;13
1.0;17
1.0;17
1.0;15
1.0;15
1.0;23
1.0;23
1.0;13
1.0;13
1.0;15
1.0;15
0.0;7
0.0;7
1.0;13
1.0;13
1.0;17
1.0;17
0.0;9
0.0;9
1.0;15
1.0;15
1.0;19
1.0;19
1.0;15
1.0;15
1.0;15
1.0;15
1.0;15
1.0;15
1.0;17
1.0;17
1.0;13
1.0;13
1.0;13
1.0;13
1.0;17
1.0;17
1.0;13
1.0;13
1.0;21
1.0;21
1.0;15
1.0;15
1.0;13
1.0;13
1.0;13
1.0;13
1.0;17
1.0;17
1.0;15
1.0;15
1.0;13
1.0;13
1.0;13
1.0;13
1.0;13
1.0;13
1.0;15
1.0;15
1.0;15
1.0;15
1.0;13
1.0;13
1.0;13
1.0;13
1.0;13
1.0;13
1.0;13
1.0;13
1.0;17
1.0;17
0.0;9
0.0;9
1.0;17
1.0;17
1.0;13
1.0;13
1.0;13
1.0;13
1.0;15
1.0;15
1.0;13
1.0;13
1.0;15
1.0;15
1.0;13
1.0;13
1.0;15
1.0;15
1.0;13
1.0;13
1.0;17
1.0;17
1.0;13
1.0;13
1.0;13
1.0;13
1.0;13
1.0;13
1.0;13
1.0;13
1.0;17
1.0;17
1.0;17
1.0;17
1.0;15
1.0;15
1.0;13
1.0;13
1.0;13
1.0;13
1.0;15
1.0;15
1.0;15
1.0;15
1.0;13
1.0;13
0.0;9
0.0;9
1.0;13
1.0;13
1.0;15
1.0;15
1.0;15
1.0;15
1.0;13
1.0;13
1.0;13
1.0;13
1.0;15
1.0;15
1.0;19
1.0;19
1.0;13
1.0;13
1.0;21
1.0;21
0.0;9
0.0;9
1.0;17
1.0;17
1.0;19
1.0;19
1.0;17
1.0;17
0.0;7
0.0;7
1.0;15
1.0;15
1.0;15
1.0;15
1.0;13
1.0;13
1.0;13
1.0;13
1.0;19
1.0;19
1.0;15
1.0;15
1.0;17
1.0;17
1.0;15
1.0;15
1.0;13
1.0;13
1.0;15
1.0;15
1.0;13
1.0;13
1.0;13
1.0;13
1.0;15
1.0;15
1.0;15
1.0;15
1.0;19
1.0;19
1.0;13
1.0;13
1.0;15
1.0;15
1.0;13
1.0;13
1.0;15
1.0;15
1.0;13
1.0;13
1.0;13
1.0;13
0.0;7
0.0;7
0.0;7
0.0;7
1.0;15
1.0;15
1.0;13
1.0;13
1.0;13
1.0;13
1.0;13
1.0;13
0.0;7
0.0;7
1.0;17
1.0;17
1.0;13
1.0;13
1.0;13
1.0;13
1.0;17
1.0;17
1.0;15
1.0;15
1.0;19
1.0;19
1.0;15
1.0;15
1.0;13
1.0;13
1.0;13
1.0;13
1.0;15
1.0;15
1.0;15
1.0;15
1.0;15
1.0;15
1.0;15
1.0;15
1.0;15
1.0;15
1.0;13
1.0;13
1.0;19
1.0;19
1.0;15
1.0;15
1.0;15
1.0;15
1.0;15
1.0;15
1.0;15
1.0;15
1.0;17
1.0;17
1.0;13
1.0;13
1.0;19
1.0;19
1.0;15
1.0;15
1.0;13
1.0;13
1.0;15
1.0;15
1.0;21
1.0;21
1.0;19
1.0;19
1.0;15
1.0;15
1.0;13
1.0;13
1.0;13
1.0;13
1.0;13
1.0;13
0.0;7
0.0;7
1.0;13
1.0;13
1.0;13
1.0;13
1.0;17
1.0;17
1.0;13
1.0;13
1.0;13
1.0;13
1.0;15
1.0;15
1.0;13
1.0;13
1.0;17
1.0;17
1.0;13
1.0;13
1.0;13
1.0;13
1.0;13
1.0;13
1.0;15
1.0;15
1.0;13
1.0;13
1.0;15
1.0;15
1.0;13
1.0;13
1.0;15
1.0;15
1.0;13
1.0;13
1.0;15
1.0;15
1.0;13
1.0;13
1.0;15
1.0;15
1.0;13
1.0;13
0.0;9
0.0;9
1.0;15
1.0;15
1.0;15
1.0;15
1.0;13
1.0;13
0.0;9
0.0;9
1.0;17
1.0;17
1.0;15
1.0;15
1.0;13
1.0;13
1.0;17
1.0;17
1.0;15
1.0;15
1.0;13
1.0;13
1.0;13
1.0;13
1.0;23
1.0;23
1.0;13
1.0;13
1.0;19
1.0;19
1.0;17
1.0;17
1.0;17
1.0;17
1.0;13
1.0;13
1.0;17
1.0;17
1.0;17
1.0;17
1.0;13
1.0;13
1.0;13
1.0;13
1.0;15
1.0;15
1.0;13
1.0;13
1.0;15
1.0;15
1.0;15
1.0;15
1.0;17
1.0;17
1.0;17
1.0;17
1.0;13
1.0;13
1.0;13
1.0;13
1.0;13
1.0;13
1.0;17
1.0;17
1.0;15
1.0;15
1.0;13
1.0;13
1.0;13
1.0;13
1.0;13
1.0;13
1.0;13
1.0;13
1.0;13
1.0;13
1.0;15
1.0;15
1.0;13
1.0;13
1.0;15
1.0;15
1.0;15
1.0;15
1.0;15
1.0;15
1.0;13
1.0;13
1.0;15
1.0;15
1.0;13
1.0;13
1.0;15
1.0;15
1.0;13
1.0;13
1.0;13
1.0;13
1.0;13
1.0;13
1.0;17
1.0;17
1.0;15
1.0;15
1.0;15
1.0;15
1.0;19
1.0;19
1.0;15
1.0;15
1.0;13
1.0;13
1.0;13
1.0;13
1.0;15
1.0;15
1.0;17
1.0;17
0.0;7
0.0;7
1.0;17
1.0;17
1.0;15
1.0;15
0.0;9
0.0;9
1.0;15
1.0;15
1.0;13
1.0;13
1.0;13
1.0;13
1.0;13
1.0;13
1.0;13
1.0;13
1.0;19
1.0;19
1.0;15
1.0;15
1.0;13
1.0;13
1.0;15
1.0;15
1.0;15
1.0;15
1.0;15
1.0;15
1.0;13
1.0;13
1.0;15
1.0;15
1.0;13
1.0;13
1.0;21
1.0;21
1.0;17
1.0;17
1.0;19
1.0;19
1.0;15
1.0;15
1.0;17
1.0;17
1.0;15
1.0;15
1.0;15
1.0;15
1.0;13
1.0;13
1.0;13
1.0;13
0.0;9
0.0;9
1.0;15
1.0;15
1.0;13
1.0;13
1.0;15
1.0;15
1.0;23
1.0;23
1.0;17
1.0;17
1.0;13
1.0;13
1.0;17
1.0;17
1.0;13
1.0;13
0.0;7
0.0;7
1.0;17
1.0;17
1.0;15
1.0;15
1.0;17
1.0;17
1.0;15
1.0;15
1.0;13
1.0;13
1.0;13
1.0;13
1.0;13
1.0;13
1.0;13
1.0;13
1.0;13
1.0;13
1.0;13
1.0;13
1.0;15
1.0;15
1.0;13
1.0;13
1.0;15
1.0;15
1.0;13
1.0;13
1.0;17
1.0;17
1.0;13
1.0;13
1.0;17
1.0;17
1.0;15
1.0;15
1.0;13
1.0;13
1.0;13
1.0;13
0.0;7
0.0;7
1.0;15
1.0;15
1.0;13
1.0;13
1.0;17
1.0;17
1.0;13
1.0;13
1.0;15
1.0;15
1.0;15
1.0;15
1.0;13
1.0;13
1.0;15
1.0;15
1.0;15
1.0;15
1.0;13
1.0;13
0.0;7
0.0;7
1.0;17
1.0;17
1.0;13
1.0;13
1.0;13
1.0;13
1.0;17
1.0;17
1.0;17
1.0;17
1.0;13
1.0;13
1.0;13
1.0;13
1.0;13
1.0;13
1.0;13
1.0;13
1.0;15
1.0;15
1.0;17
1.0;17
0.0;7
0.0;7
1.0;13
1.0;13
1.0;15
1.0;15
1.0;13
1.0;13
1.0;15
1.0;15
1.0;13
1.0;13
1.0;13
1.0;13
1.0;13
1.0;13
1.0;13
1.0;13
1.0;21
1.0;21
1.0;13
1.0;13
1.0;13
1.0;13
1.0;15
1.0;15
