1.0;60
1.0;60
1.0;66
1.0;66
1.0;94
1.0;94
0.0;53
0.0;53
1.0;88
1.0;88
1.0;22
1.0;22
0.0;500
0.0;500
1.0;4
1.0;4
1.0;40
1.0;40
1.0;6
1.0;6
1.0;6
1.0;6
1.0;8
1.0;8
1.0;40
1.0;40
1.0;4
1.0;4
1.0;85
1.0;85
1.0;4
1.0;4
1.0;4
1.0;4
1.0;6
1.0;6
1.0;6
1.0;6
1.0;6
1.0;6
1.0;4
1.0;4
1.0;4
1.0;4
1.0;4
1.0;4
1.0;4
1.0;4
1.0;8
1.0;8
1.0;8
1.0;8
1.0;6
1.0;6
1.0;4
1.0;4
1.0;4
1.0;4
1.0;4
1.0;4
1.0;4
1.0;4
1.0;4
1.0;4
1.0;6
1.0;6
1.0;4
1.0;4
1.0;4
1.0;4
1.0;4
1.0;4
1.0;4
1.0;4
1.0;4
1.0;4
1.0;8
1.0;8
1.0;10
1.0;10
1.0;4
1.0;4
0.0;29
0.0;29
1.0;4
1.0;4
1.0;4
1.0;4
1.0;4
1.0;4
1.0;4
1.0;4
1.0;4
1.0;4
1.0;4
1.0;4
1.0;14
1.0;14
1.0;4
1.0;4
1.0;4
1.0;4
1.0;6
1.0;6
1.0;4
1.0;4
1.0;4
1.0;4
1.0;6
1.0;6
1.0;4
1.0;4
1.0;4
1.0;4
1.0;6
1.0;6
1.0;4
1.0;4
1.0;6
1.0;6
1.0;4
1.0;4
1.0;4
1.0;4
1.0;4
1.0;4
1.0;4
1.0;4
1.0;4
1.0;4
1.0;6
1.0;6
1.0;4
1.0;4
1.0;56
1.0;56
1.0;4
1.0;4
1.0;4
1.0;4
1.0;6
1.0;6
1.0;4
1.0;4
1.0;4
1.0;4
1.0;4
1.0;4
1.0;14
1.0;14
1.0;4
1.0;4
1.0;6
1.0;6
1.0;6
1.0;6
1.0;4
1.0;4
1.0;4
1.0;4
1.0;4
1.0;4
1.0;4
1.0;4
1.0;4
1.0;4
1.0;4
1.0;4
1.0;4
1.0;4
1.0;8
1.0;8
1.0;6
1.0;6
1.0;4
1.0;4
1.0;4
1.0;4
1.0;4
1.0;4
1.0;6
1.0;6
1.0;4
1.0;4
1.0;4
1.0;4
1.0;4
1.0;4
1.0;4
1.0;4
0.0;66
0.0;66
1.0;6
1.0;6
1.0;8
1.0;8
1.0;6
1.0;6
1.0;4
1.0;4
1.0;8
1.0;8
1.0;4
1.0;4
1.0;4
1.0;4
1.0;4
1.0;4
1.0;4
1.0;4
1.0;4
1.0;4
1.0;4
1.0;4
1.0;4
1.0;4
1.0;10
1.0;10
1.0;4
1.0;4
1.0;4
1.0;4
1.0;4
1.0;4
1.0;4
1.0;4
1.0;4
1.0;4
1.0;6
1.0;6
1.0;4
1.0;4
1.0;12
1.0;12
1.0;4
1.0;4
1.0;4
1.0;4
1.0;6
1.0;6
1.0;6
1.0;6
1.0;4
1.0;4
1.0;4
1.0;4
1.0;4
1.0;4
1.0;6
1.0;6
1.0;4
1.0;4
1.0;10
1.0;10
1.0;8
1.0;8
1.0;4
1.0;4
1.0;4
1.0;4
1.0;4
1.0;4
1.0;6
1.0;6
1.0;4
1.0;4
1.0;4
1.0;4
1.0;68
1.0;68
1.0;6
1.0;6
1.0;4
1.0;4
1.0;4
1.0;4
1.0;4
1.0;4
1.0;227
1.0;227
1.0;4
1.0;4
1.0;4
1.0;4
1.0;4
1.0;4
1.0;4
1.0;4
1.0;4
1.0;4
1.0;4
1.0;4
1.0;6
1.0;6
1.0;8
1.0;8
1.0;4
1.0;4
1.0;4
1.0;4
1.0;6
1.0;6
1.0;6
1.0;6
1.0;8
1.0;8
1.0;8
1.0;8
1.0;6
1.0;6
1.0;4
1.0;4
1.0;4
1.0;4
1.0;4
1.0;4
1.0;8
1.0;8
1.0;8
1.0;8
1.0;4
1.0;4
1.0;4
1.0;4
1.0;4
1.0;4
1.0;4
1.0;4
1.0;4
1.0;4
1.0;4
1.0;4
1.0;4
1.0;4
1.0;4
1.0;4
1.0;4
1.0;4
1.0;48
1.0;48
1.0;6
1.0;6
1.0;4
1.0;4
0.0;71
0.0;71
1.0;10
1.0;10
1.0;4
1.0;4
1.0;6
1.0;6
1.0;6
1.0;6
1.0;4
1.0;4
1.0;4
1.0;4
1.0;4
1.0;4
1.0;4
1.0;4
1.0;4
1.0;4
1.0;4
1.0;4
1.0;4
1.0;4
1.0;10
1.0;10
1.0;6
1.0;6
1.0;6
1.0;6
1.0;6
1.0;6
1.0;4
1.0;4
1.0;4
1.0;4
1.0;4
1.0;4
1.0;4
1.0;4
1.0;6
1.0;6
1.0;6
1.0;6
1.0;4
1.0;4
1.0;4
1.0;4
1.0;4
1.0;4
1.0;4
1.0;4
1.0;4
1.0;4
1.0;8
1.0;8
1.0;4
1.0;4
1.0;4
1.0;4
1.0;4
1.0;4
1.0;4
1.0;4
1.0;4
1.0;4
1.0;4
1.0;4
1.0;4
1.0;4
1.0;4
1.0;4
1.0;4
1.0;4
1.0;4
1.0;4
1.0;149
1.0;149
1.0;4
1.0;4
1.0;4
1.0;4
0.0;24
0.0;24
1.0;4
1.0;4
1.0;6
1.0;6
1.0;4
1.0;4
1.0;6
1.0;6
1.0;4
1.0;4
1.0;4
1.0;4
1.0;4
1.0;4
1.0;4
1.0;4
1.0;6
1.0;6
1.0;4
1.0;4
1.0;6
1.0;6
1.0;6
1.0;6
1.0;4
1.0;4
1.0;6
1.0;6
1.0;4
1.0;4
1.0;6
1.0;6
1.0;4
1.0;4
1.0;4
1.0;4
1.0;12
1.0;12
1.0;6
1.0;6
1.0;4
1.0;4
1.0;4
1.0;4
1.0;6
1.0;6
1.0;4
1.0;4
1.0;4
1.0;4
1.0;4
1.0;4
1.0;6
1.0;6
1.0;4
1.0;4
1.0;4
1.0;4
1.0;6
1.0;6
1.0;4
1.0;4
1.0;66
1.0;66
1.0;4
1.0;4
1.0;4
1.0;4
1.0;4
1.0;4
1.0;4
1.0;4
1.0;4
1.0;4
1.0;4
1.0;4
1.0;6
1.0;6
1.0;4
1.0;4
1.0;4
1.0;4
1.0;4
1.0;4
1.0;10
1.0;10
1.0;4
1.0;4
1.0;4
1.0;4
1.0;4
1.0;4
1.0;4
1.0;4
1.0;6
1.0;6
1.0;6
1.0;6
1.0;4
1.0;4
1.0;6
1.0;6
1.0;4
1.0;4
1.0;6
1.0;6
1.0;4
1.0;4
1.0;6
1.0;6
1.0;4
1.0;4
0.0;68
0.0;68
1.0;4
1.0;4
1.0;4
1.0;4
1.0;4
1.0;4
1.0;4
1.0;4
1.0;4
1.0;4
1.0;4
1.0;4
1.0;6
1.0;6
1.0;4
1.0;4
1.0;4
1.0;4
1.0;6
1.0;6
1.0;4
1.0;4
1.0;4
1.0;4
1.0;6
1.0;6
1.0;4
1.0;4
1.0;4
1.0;4
1.0;6
1.0;6
1.0;4
1.0;4
1.0;4
1.0;4
1.0;136
1.0;136
1.0;6
1.0;6
1.0;4
1.0;4
1.0;4
1.0;4
1.0;4
1.0;4
1.0;4
1.0;4
1.0;4
1.0;4
1.0;4
1.0;4
1.0;6
1.0;6
1.0;4
1.0;4
1.0;4
1.0;4
1.0;6
1.0;6
1.0;4
1.0;4
1.0;8
1.0;8
1.0;10
1.0;10
1.0;4
1.0;4
1.0;4
1.0;4
1.0;6
1.0;6
1.0;8
1.0;8
1.0;6
1.0;6
1.0;4
1.0;4
1.0;4
1.0;4
1.0;4
1.0;4
1.0;4
1.0;4
1.0;6
1.0;6
1.0;4
1.0;4
1.0;4
1.0;4
1.0;4
1.0;4
1.0;4
1.0;4
1.0;4
1.0;4
1.0;4
1.0;4
1.0;4
1.0;4
1.0;198
1.0;198
1.0;4
1.0;4
1.0;8
1.0;8
1.0;4
1.0;4
1.0;4
1.0;4
1.0;4
1.0;4
1.0;4
1.0;4
1.0;6
1.0;6
1.0;4
1.0;4
1.0;4
1.0;4
1.0;4
1.0;4
1.0;4
1.0;4
1.0;4
1.0;4
1.0;4
1.0;4
1.0;4
1.0;4
1.0;6
1.0;6
1.0;4
1.0;4
1.0;4
1.0;4
1.0;4
1.0;4
1.0;4
1.0;4
0.0;18
0.0;18
1.0;201
1.0;201
1.0;4
1.0;4
1.0;4
1.0;4
1.0;6
1.0;6
1.0;4
1.0;4
1.0;6
1.0;6
1.0;4
1.0;4
1.0;4
1.0;4
1.0;4
1.0;4
1.0;4
1.0;4
1.0;4
1.0;4
1.0;4
1.0;4
1.0;4
1.0;4
1.0;4
1.0;4
1.0;4
1.0;4
1.0;4
1.0;4
1.0;4
1.0;4
1.0;4
1.0;4
1.0;6
1.0;6
1.0;4
1.0;4
1.0;4
1.0;4
1.0;4
1.0;4
1.0;4
1.0;4
1.0;4
1.0;4
1.0;4
1.0;4
1.0;6
1.0;6
1.0;4
1.0;4
1.0;6
1.0;6
1.0;4
1.0;4
0.0;46
0.0;46
1.0;4
1.0;4
1.0;6
1.0;6
1.0;4
1.0;4
1.0;4
1.0;4
1.0;4
1.0;4
1.0;4
1.0;4
1.0;4
1.0;4
1.0;4
1.0;4
1.0;4
1.0;4
1.0;4
1.0;4
0.0;26
0.0;26
1.0;4
1.0;4
1.0;6
1.0;6
1.0;6
1.0;6
1.0;37
1.0;37
1.0;4
1.0;4
1.0;4
1.0;4
1.0;4
1.0;4
1.0;4
1.0;4
1.0;4
1.0;4
1.0;4
1.0;4
1.0;4
1.0;4
1.0;4
1.0;4
1.0;6
1.0;6
1.0;4
1.0;4
1.0;4
1.0;4
1.0;6
1.0;6
1.0;4
1.0;4
1.0;4
1.0;4
1.0;4
1.0;4
1.0;4
1.0;4
1.0;6
1.0;6
1.0;4
1.0;4
1.0;4
1.0;4
0.0;54
0.0;54
1.0;8
1.0;8
1.0;6
1.0;6
1.0;4
1.0;4
1.0;4
1.0;4
1.0;4
1.0;4
1.0;4
1.0;4
1.0;4
1.0;4
1.0;4
1.0;4
1.0;4
1.0;4
1.0;4
1.0;4
1.0;4
1.0;4
1.0;4
1.0;4
1.0;6
1.0;6
1.0;4
1.0;4
1.0;134
1.0;134
1.0;4
1.0;4
1.0;4
1.0;4
1.0;4
1.0;4
1.0;4
1.0;4
1.0;4
1.0;4
1.0;4
1.0;4
1.0;4
1.0;4
1.0;4
1.0;4
1.0;4
1.0;4
1.0;4
1.0;4
1.0;4
1.0;4
1.0;12
1.0;12
1.0;4
1.0;4
1.0;8
1.0;8
1.0;4
1.0;4
1.0;8
1.0;8
1.0;4
1.0;4
1.0;4
1.0;4
1.0;4
1.0;4
1.0;6
1.0;6
1.0;4
1.0;4
1.0;6
1.0;6
1.0;6
1.0;6
1.0;8
1.0;8
1.0;6
1.0;6
1.0;4
1.0;4
1.0;4
1.0;4
1.0;6
1.0;6
1.0;4
1.0;4
1.0;4
1.0;4
1.0;4
1.0;4
1.0;4
1.0;4
1.0;35
1.0;35
1.0;4
1.0;4
1.0;4
1.0;4
1.0;4
1.0;4
1.0;4
1.0;4
1.0;4
1.0;4
1.0;4
1.0;4
1.0;4
1.0;4
1.0;4
1.0;4
1.0;4
1.0;4
1.0;6
1.0;6
1.0;6
1.0;6
1.0;4
1.0;4
1.0;4
1.0;4
1.0;4
1.0;4
1.0;10
1.0;10
1.0;4
1.0;4
1.0;6
1.0;6
1.0;4
1.0;4
1.0;4
1.0;4
1.0;4
1.0;4
1.0;4
1.0;4
1.0;8
1.0;8
1.0;4
1.0;4
1.0;4
1.0;4
1.0;4
1.0;4
1.0;6
1.0;6
1.0;6
1.0;6
1.0;4
1.0;4
1.0;6
1.0;6
1.0;19
1.0;19
1.0;4
1.0;4
1.0;4
1.0;4
1.0;6
1.0;6
1.0;4
1.0;4
1.0;6
1.0;6
1.0;4
1.0;4
1.0;4
1.0;4
1.0;4
1.0;4
1.0;4
1.0;4
1.0;4
1.0;4
1.0;4
1.0;4
1.0;8
1.0;8
1.0;4
1.0;4
1.0;4
1.0;4
1.0;4
1.0;4
1.0;4
1.0;4
1.0;6
1.0;6
1.0;4
1.0;4
1.0;6
1.0;6
1.0;4
1.0;4
1.0;6
1.0;6
1.0;4
1.0;4
1.0;4
1.0;4
1.0;8
1.0;8
1.0;4
1.0;4
1.0;4
1.0;4
1.0;4
1.0;4
1.0;4
1.0;4
1.0;4
1.0;4
1.0;6
1.0;6
1.0;4
1.0;4
1.0;4
1.0;4
1.0;4
1.0;4
1.0;4
1.0;4
1.0;4
1.0;4
1.0;6
1.0;6
1.0;4
1.0;4
1.0;4
1.0;4
1.0;4
1.0;4
1.0;4
1.0;4
1.0;4
1.0;4
1.0;6
1.0;6
1.0;8
1.0;8
1.0;4
1.0;4
1.0;4
1.0;4
1.0;4
1.0;4
1.0;4
1.0;4
1.0;4
1.0;4
1.0;8
1.0;8
1.0;6
1.0;6
1.0;4
1.0;4
1.0;4
1.0;4
1.0;8
1.0;8
1.0;6
1.0;6
1.0;4
1.0;4
1.0;4
1.0;4
1.0;4
1.0;4
1.0;6
1.0;6
1.0;4
1.0;4
1.0;4
1.0;4
1.0;4
1.0;4
1.0;8
1.0;8
1.0;4
1.0;4
1.0;4
1.0;4
1.0;4
1.0;4
1.0;4
1.0;4
1.0;4
1.0;4
1.0;4
1.0;4
1.0;4
1.0;4
1.0;4
1.0;4
1.0;6
1.0;6
1.0;4
1.0;4
1.0;4
1.0;4
1.0;6
1.0;6
1.0;4
1.0;4
1.0;4
1.0;4
1.0;8
1.0;8
1.0;4
1.0;4
1.0;4
1.0;4
1.0;4
1.0;4
1.0;6
1.0;6
1.0;4
1.0;4
1.0;4
1.0;4
1.0;4
1.0;4
1.0;4
1.0;4
1.0;4
1.0;4
1.0;6
1.0;6
1.0;4
1.0;4
1.0;4
1.0;4
1.0;4
1.0;4
1.0;4
1.0;4
1.0;6
1.0;6
1.0;4
1.0;4
1.0;4
1.0;4
1.0;4
1.0;4
1.0;4
1.0;4
1.0;4
1.0;4
1.0;6
1.0;6
1.0;4
1.0;4
1.0;6
1.0;6
1.0;4
1.0;4
1.0;4
1.0;4
1.0;4
1.0;4
1.0;4
1.0;4
1.0;6
1.0;6
1.0;4
1.0;4
1.0;145
1.0;145
1.0;4
1.0;4
1.0;6
1.0;6
1.0;4
1.0;4
1.0;4
1.0;4
1.0;4
1.0;4
1.0;4
1.0;4
1.0;4
1.0;4
1.0;6
1.0;6
1.0;4
1.0;4
1.0;6
1.0;6
1.0;4
1.0;4
1.0;6
1.0;6
1.0;4
1.0;4
1.0;4
1.0;4
1.0;8
1.0;8
1.0;4
1.0;4
1.0;6
1.0;6
1.0;4
1.0;4
1.0;4
1.0;4
1.0;4
1.0;4
1.0;4
1.0;4
1.0;4
1.0;4
1.0;4
1.0;4
1.0;6
1.0;6
1.0;4
1.0;4
1.0;4
1.0;4
1.0;4
1.0;4
0.0;10
0.0;10
1.0;4
1.0;4
1.0;4
1.0;4
1.0;4
1.0;4
1.0;4
1.0;4
1.0;4
1.0;4
1.0;4
1.0;4
1.0;6
1.0;6
1.0;4
1.0;4
1.0;4
1.0;4
1.0;4
1.0;4
1.0;6
1.0;6
1.0;4
1.0;4
1.0;4
1.0;4
1.0;4
1.0;4
1.0;4
1.0;4
1.0;4
1.0;4
1.0;8
1.0;8
1.0;6
1.0;6
1.0;4
1.0;4
1.0;4
1.0;4
1.0;4
1.0;4
1.0;4
1.0;4
1.0;6
1.0;6
1.0;6
1.0;6
1.0;8
1.0;8
1.0;6
1.0;6
1.0;6
1.0;6
1.0;4
1.0;4
1.0;4
1.0;4
1.0;4
1.0;4
1.0;6
1.0;6
1.0;4
1.0;4
1.0;4
1.0;4
1.0;4
1.0;4
1.0;6
1.0;6
1.0;4
1.0;4
1.0;4
1.0;4
1.0;8
1.0;8
1.0;4
1.0;4
1.0;6
1.0;6
1.0;6
1.0;6
1.0;4
1.0;4
1.0;6
1.0;6
1.0;10
1.0;10
1.0;4
1.0;4
1.0;4
1.0;4
1.0;6
1.0;6
1.0;6
1.0;6
1.0;4
1.0;4
1.0;6
1.0;6
1.0;4
1.0;4
1.0;4
1.0;4
1.0;4
1.0;4
1.0;4
1.0;4
1.0;4
1.0;4
1.0;6
1.0;6
1.0;4
1.0;4
1.0;6
1.0;6
1.0;4
1.0;4
1.0;4
1.0;4
1.0;4
1.0;4
1.0;4
1.0;4
1.0;4
1.0;4
1.0;4
1.0;4
1.0;4
1.0;4
1.0;6
1.0;6
1.0;4
1.0;4
1.0;46
1.0;46
1.0;4
1.0;4
1.0;4
1.0;4
1.0;8
1.0;8
1.0;4
1.0;4
1.0;4
1.0;4
1.0;4
1.0;4
1.0;4
1.0;4
1.0;4
1.0;4
1.0;4
1.0;4
1.0;4
1.0;4
1.0;4
1.0;4
1.0;10
1.0;10
1.0;6
1.0;6
1.0;4
1.0;4
1.0;4
1.0;4
1.0;28
1.0;28
1.0;4
1.0;4
1.0;4
1.0;4
1.0;6
1.0;6
1.0;4
1.0;4
1.0;6
1.0;6
1.0;4
1.0;4
1.0;6
1.0;6
1.0;4
1.0;4
1.0;4
1.0;4
1.0;4
1.0;4
1.0;4
1.0;4
1.0;6
1.0;6
0.0;71
0.0;71
1.0;4
1.0;4
1.0;6
1.0;6
1.0;6
1.0;6
1.0;4
1.0;4
1.0;4
1.0;4
1.0;4
1.0;4
1.0;4
1.0;4
1.0;112
1.0;112
1.0;6
1.0;6
1.0;4
1.0;4
1.0;10
1.0;10
1.0;4
1.0;4
1.0;4
1.0;4
1.0;4
1.0;4
1.0;4
1.0;4
1.0;4
1.0;4
1.0;4
1.0;4
1.0;4
1.0;4
1.0;4
1.0;4
1.0;4
1.0;4
1.0;4
1.0;4
1.0;6
1.0;6
1.0;4
1.0;4
1.0;4
1.0;4
1.0;4
1.0;4
0.0;36
0.0;36
1.0;4
1.0;4
1.0;4
1.0;4
1.0;4
1.0;4
1.0;4
1.0;4
1.0;4
1.0;4
1.0;4
1.0;4
1.0;4
1.0;4
1.0;4
1.0;4
1.0;4
1.0;4
1.0;4
1.0;4
1.0;6
1.0;6
1.0;4
1.0;4
1.0;4
1.0;4
1.0;4
1.0;4
1.0;6
1.0;6
1.0;4
1.0;4
1.0;4
1.0;4
1.0;14
1.0;14
1.0;4
1.0;4
1.0;4
1.0;4
1.0;4
1.0;4
1.0;4
1.0;4
1.0;4
1.0;4
1.0;4
1.0;4
1.0;4
1.0;4
1.0;10
1.0;10
1.0;4
1.0;4
1.0;4
1.0;4
1.0;4
1.0;4
1.0;6
1.0;6
1.0;4
1.0;4
1.0;4
1.0;4
1.0;4
1.0;4
1.0;4
1.0;4
1.0;4
1.0;4
1.0;4
1.0;4
1.0;6
1.0;6
1.0;6
1.0;6
1.0;4
1.0;4
1.0;4
1.0;4
1.0;4
1.0;4
1.0;4
1.0;4
1.0;4
1.0;4
1.0;4
1.0;4
1.0;8
1.0;8
1.0;4
1.0;4
1.0;4
1.0;4
1.0;4
1.0;4
1.0;4
1.0;4
1.0;8
1.0;8
1.0;6
1.0;6
0.0;30
0.0;30
1.0;4
1.0;4
1.0;6
1.0;6
1.0;4
1.0;4
1.0;6
1.0;6
1.0;4
1.0;4
1.0;4
1.0;4
1.0;4
1.0;4
1.0;4
1.0;4
0.0;10
0.0;10
1.0;187
1.0;187
1.0;6
1.0;6
1.0;6
1.0;6
1.0;6
1.0;6
1.0;6
1.0;6
1.0;6
1.0;6
1.0;4
1.0;4
1.0;4
1.0;4
1.0;4
1.0;4
1.0;4
1.0;4
1.0;4
1.0;4
0.0;16
0.0;16
1.0;4
1.0;4
1.0;4
1.0;4
1.0;4
1.0;4
1.0;4
1.0;4
1.0;4
1.0;4
1.0;4
1.0;4
1.0;4
1.0;4
1.0;6
1.0;6
1.0;6
1.0;6
1.0;4
1.0;4
1.0;4
1.0;4
1.0;4
1.0;4
1.0;6
1.0;6
1.0;4
1.0;4
1.0;4
1.0;4
1.0;4
1.0;4
1.0;4
1.0;4
1.0;4
1.0;4
1.0;4
1.0;4
1.0;6
1.0;6
1.0;4
1.0;4
1.0;4
1.0;4
1.0;4
1.0;4
1.0;4
1.0;4
1.0;6
1.0;6
1.0;4
1.0;4
1.0;4
1.0;4
1.0;4
1.0;4
1.0;4
1.0;4
1.0;4
1.0;4
1.0;4
1.0;4
1.0;4
1.0;4
1.0;4
1.0;4
1.0;4
1.0;4
1.0;4
1.0;4
1.0;4
1.0;4
1.0;4
1.0;4
1.0;4
1.0;4
1.0;4
1.0;4
1.0;4
1.0;4
1.0;4
1.0;4
1.0;4
1.0;4
1.0;6
1.0;6
1.0;6
1.0;6
1.0;4
1.0;4
1.0;4
1.0;4
1.0;6
1.0;6
1.0;4
1.0;4
1.0;4
1.0;4
1.0;4
1.0;4
1.0;4
1.0;4
1.0;6
1.0;6
1.0;4
1.0;4
1.0;157
1.0;157
1.0;4
1.0;4
1.0;4
1.0;4
1.0;4
1.0;4
1.0;8
1.0;8
1.0;12
1.0;12
1.0;4
1.0;4
1.0;4
1.0;4
1.0;4
1.0;4
0.0;19
0.0;19
1.0;4
1.0;4
1.0;4
1.0;4
1.0;4
1.0;4
1.0;4
1.0;4
1.0;4
1.0;4
1.0;4
1.0;4
1.0;6
1.0;6
1.0;6
1.0;6
1.0;6
1.0;6
1.0;6
1.0;6
1.0;4
1.0;4
1.0;4
1.0;4
1.0;4
1.0;4
1.0;4
1.0;4
1.0;4
1.0;4
1.0;6
1.0;6
1.0;4
1.0;4
1.0;6
1.0;6
1.0;4
1.0;4
1.0;4
1.0;4
1.0;6
1.0;6
1.0;6
1.0;6
1.0;4
1.0;4
1.0;4
1.0;4
1.0;4
1.0;4
1.0;4
1.0;4
1.0;4
1.0;4
1.0;6
1.0;6
1.0;4
1.0;4
1.0;4
1.0;4
0.0;20
0.0;20
1.0;8
1.0;8
1.0;4
1.0;4
1.0;8
1.0;8
1.0;4
1.0;4
1.0;4
1.0;4
1.0;4
1.0;4
1.0;4
1.0;4
1.0;4
1.0;4
1.0;4
1.0;4
1.0;4
1.0;4
1.0;4
1.0;4
1.0;4
1.0;4
1.0;6
1.0;6
1.0;4
1.0;4
1.0;4
1.0;4
1.0;112
1.0;112
1.0;4
1.0;4
1.0;6
1.0;6
1.0;4
1.0;4
1.0;8
1.0;8
1.0;8
1.0;8
1.0;4
1.0;4
1.0;6
1.0;6
1.0;4
1.0;4
1.0;4
1.0;4
1.0;4
1.0;4
1.0;28
1.0;28
1.0;6
1.0;6
1.0;4
1.0;4
1.0;4
1.0;4
1.0;8
1.0;8
1.0;4
1.0;4
1.0;4
1.0;4
1.0;4
1.0;4
1.0;4
1.0;4
1.0;4
1.0;4
1.0;8
1.0;8
1.0;4
1.0;4
1.0;4
1.0;4
1.0;4
1.0;4
1.0;6
1.0;6
1.0;4
1.0;4
1.0;4
1.0;4
1.0;36
1.0;36
1.0;4
1.0;4
1.0;4
1.0;4
1.0;4
1.0;4
1.0;4
1.0;4
1.0;4
1.0;4
1.0;4
1.0;4
1.0;6
1.0;6
1.0;4
1.0;4
1.0;4
1.0;4
1.0;6
1.0;6
1.0;4
1.0;4
1.0;4
1.0;4
1.0;4
1.0;4
1.0;4
1.0;4
1.0;4
1.0;4
1.0;6
1.0;6
1.0;4
1.0;4
1.0;4
1.0;4
1.0;6
1.0;6
1.0;4
1.0;4
1.0;4
1.0;4
1.0;4
1.0;4
1.0;4
1.0;4
1.0;4
1.0;4
1.0;4
1.0;4
1.0;4
1.0;4
1.0;4
1.0;4
1.0;4
1.0;4
1.0;4
1.0;4
1.0;4
1.0;4
1.0;4
1.0;4
1.0;4
1.0;4
1.0;4
1.0;4
1.0;8
1.0;8
1.0;4
1.0;4
1.0;4
1.0;4
1.0;4
1.0;4
1.0;4
1.0;4
1.0;4
1.0;4
1.0;4
1.0;4
1.0;4
1.0;4
1.0;4
1.0;4
1.0;4
1.0;4
1.0;6
1.0;6
1.0;4
1.0;4
1.0;4
1.0;4
