1.0;93
1.0;93
1.0;116
1.0;116
1.0;17
1.0;17
1.0;19
1.0;19
1.0;192
1.0;192
0.0;373
0.0;373
1.0;25
1.0;25
1.0;418
1.0;418
1.0;35
1.0;35
1.0;105
1.0;105
1.0;9
1.0;9
1.0;21
1.0;21
1.0;148
1.0;148
1.0;196
1.0;196
1.0;11
1.0;11
1.0;11
1.0;11
1.0;9
1.0;9
1.0;262
1.0;262
1.0;7
1.0;7
1.0;35
1.0;35
1.0;5
1.0;5
1.0;117
1.0;117
1.0;5
1.0;5
1.0;7
1.0;7
0.0;68
0.0;68
1.0;230
1.0;230
1.0;5
1.0;5
1.0;5
1.0;5
1.0;5
1.0;5
1.0;5
1.0;5
1.0;5
1.0;5
1.0;5
1.0;5
1.0;5
1.0;5
1.0;5
1.0;5
1.0;5
1.0;5
1.0;7
1.0;7
1.0;5
1.0;5
1.0;5
1.0;5
1.0;7
1.0;7
1.0;5
1.0;5
1.0;5
1.0;5
1.0;5
1.0;5
1.0;9
1.0;9
1.0;5
1.0;5
1.0;5
1.0;5
1.0;9
1.0;9
1.0;9
1.0;9
1.0;5
1.0;5
1.0;5
1.0;5
1.0;11
1.0;11
0.0;227
0.0;227
1.0;5
1.0;5
1.0;5
1.0;5
1.0;99
1.0;99
1.0;5
1.0;5
1.0;7
1.0;7
1.0;5
1.0;5
0.0;56
0.0;56
1.0;7
1.0;7
1.0;7
1.0;7
1.0;5
1.0;5
1.0;5
1.0;5
1.0;5
1.0;5
1.0;5
1.0;5
1.0;7
1.0;7
1.0;5
1.0;5
1.0;7
1.0;7
1.0;5
1.0;5
1.0;5
1.0;5
0.0;148
0.0;148
1.0;7
1.0;7
1.0;5
1.0;5
1.0;5
1.0;5
1.0;21
1.0;21
1.0;5
1.0;5
1.0;5
1.0;5
1.0;5
1.0;5
1.0;7
1.0;7
1.0;5
1.0;5
1.0;5
1.0;5
1.0;5
1.0;5
1.0;5
1.0;5
1.0;13
1.0;13
1.0;5
1.0;5
1.0;5
1.0;5
1.0;5
1.0;5
1.0;5
1.0;5
1.0;5
1.0;5
1.0;5
1.0;5
1.0;5
1.0;5
1.0;5
1.0;5
1.0;5
1.0;5
1.0;5
1.0;5
1.0;7
1.0;7
1.0;5
1.0;5
1.0;5
1.0;5
1.0;5
1.0;5
1.0;70
1.0;70
1.0;5
1.0;5
0.0;500
0.0;500
1.0;5
1.0;5
1.0;5
1.0;5
1.0;5
1.0;5
1.0;5
1.0;5
1.0;7
1.0;7
1.0;5
1.0;5
1.0;5
1.0;5
1.0;5
1.0;5
1.0;5
1.0;5
1.0;5
1.0;5
1.0;7
1.0;7
1.0;5
1.0;5
1.0;5
1.0;5
1.0;7
1.0;7
1.0;5
1.0;5
1.0;5
1.0;5
1.0;5
1.0;5
1.0;5
1.0;5
1.0;11
1.0;11
1.0;5
1.0;5
1.0;5
1.0;5
1.0;5
1.0;5
1.0;7
1.0;7
1.0;7
1.0;7
1.0;5
1.0;5
1.0;5
1.0;5
1.0;5
1.0;5
1.0;7
1.0;7
1.0;5
1.0;5
1.0;5
1.0;5
1.0;5
1.0;5
1.0;270
1.0;270
1.0;5
1.0;5
1.0;5
1.0;5
1.0;5
1.0;5
1.0;5
1.0;5
1.0;7
1.0;7
1.0;5
1.0;5
1.0;5
1.0;5
1.0;5
1.0;5
1.0;5
1.0;5
1.0;5
1.0;5
1.0;5
1.0;5
1.0;5
1.0;5
1.0;7
1.0;7
1.0;5
1.0;5
1.0;9
1.0;9
1.0;5
1.0;5
1.0;13
1.0;13
1.0;51
1.0;51
1.0;5
1.0;5
1.0;5
1.0;5
1.0;5
1.0;5
1.0;5
1.0;5
1.0;7
1.0;7
1.0;5
1.0;5
1.0;5
1.0;5
1.0;5
1.0;5
1.0;5
1.0;5
1.0;5
1.0;5
1.0;100
1.0;100
1.0;5
1.0;5
1.0;5
1.0;5
1.0;5
1.0;5
1.0;7
1.0;7
1.0;224
1.0;224
1.0;5
1.0;5
1.0;5
1.0;5
1.0;5
1.0;5
1.0;5
1.0;5
1.0;5
1.0;5
1.0;5
1.0;5
1.0;5
1.0;5
1.0;5
1.0;5
1.0;5
1.0;5
1.0;5
1.0;5
1.0;5
1.0;5
1.0;7
1.0;7
1.0;5
1.0;5
1.0;5
1.0;5
1.0;5
1.0;5
0.0;124
0.0;124
1.0;5
1.0;5
1.0;5
1.0;5
1.0;5
1.0;5
1.0;5
1.0;5
1.0;9
1.0;9
1.0;5
1.0;5
1.0;5
1.0;5
1.0;9
1.0;9
1.0;5
1.0;5
1.0;5
1.0;5
1.0;5
1.0;5
1.0;5
1.0;5
1.0;5
1.0;5
1.0;5
1.0;5
1.0;5
1.0;5
1.0;7
1.0;7
1.0;5
1.0;5
1.0;9
1.0;9
1.0;5
1.0;5
0.0;38
0.0;38
1.0;7
1.0;7
1.0;7
1.0;7
1.0;11
1.0;11
1.0;5
1.0;5
1.0;5
1.0;5
1.0;29
1.0;29
1.0;11
1.0;11
1.0;5
1.0;5
1.0;5
1.0;5
1.0;9
1.0;9
1.0;5
1.0;5
1.0;5
1.0;5
1.0;5
1.0;5
1.0;5
1.0;5
1.0;5
1.0;5
1.0;5
1.0;5
1.0;5
1.0;5
1.0;5
1.0;5
1.0;5
1.0;5
1.0;5
1.0;5
1.0;7
1.0;7
1.0;116
1.0;116
1.0;5
1.0;5
1.0;7
1.0;7
1.0;5
1.0;5
1.0;5
1.0;5
1.0;5
1.0;5
1.0;98
1.0;98
1.0;5
1.0;5
1.0;7
1.0;7
1.0;5
1.0;5
1.0;5
1.0;5
1.0;5
1.0;5
1.0;7
1.0;7
1.0;7
1.0;7
1.0;5
1.0;5
1.0;5
1.0;5
1.0;5
1.0;5
1.0;5
1.0;5
1.0;5
1.0;5
1.0;7
1.0;7
1.0;91
1.0;91
1.0;7
1.0;7
1.0;117
1.0;117
1.0;5
1.0;5
0.0;233
0.0;233
1.0;5
1.0;5
1.0;5
1.0;5
1.0;5
1.0;5
1.0;5
1.0;5
1.0;5
1.0;5
1.0;5
1.0;5
0.0;70
0.0;70
1.0;5
1.0;5
1.0;7
1.0;7
1.0;5
1.0;5
1.0;5
1.0;5
1.0;5
1.0;5
1.0;7
1.0;7
1.0;9
1.0;9
1.0;7
1.0;7
1.0;5
1.0;5
1.0;5
1.0;5
1.0;5
1.0;5
1.0;90
1.0;90
1.0;5
1.0;5
1.0;5
1.0;5
1.0;5
1.0;5
1.0;5
1.0;5
1.0;11
1.0;11
1.0;5
1.0;5
1.0;5
1.0;5
1.0;7
1.0;7
1.0;5
1.0;5
1.0;9
1.0;9
1.0;7
1.0;7
1.0;7
1.0;7
1.0;7
1.0;7
1.0;5
1.0;5
1.0;7
1.0;7
1.0;5
1.0;5
1.0;5
1.0;5
1.0;7
1.0;7
1.0;5
1.0;5
0.0;60
0.0;60
1.0;5
1.0;5
1.0;43
1.0;43
1.0;5
1.0;5
1.0;9
1.0;9
1.0;5
1.0;5
1.0;5
1.0;5
1.0;9
1.0;9
1.0;9
1.0;9
1.0;5
1.0;5
1.0;5
1.0;5
1.0;5
1.0;5
1.0;5
1.0;5
1.0;5
1.0;5
1.0;5
1.0;5
1.0;5
1.0;5
1.0;7
1.0;7
1.0;5
1.0;5
1.0;5
1.0;5
1.0;5
1.0;5
1.0;5
1.0;5
1.0;5
1.0;5
1.0;5
1.0;5
1.0;5
1.0;5
1.0;5
1.0;5
1.0;160
1.0;160
1.0;7
1.0;7
1.0;7
1.0;7
1.0;7
1.0;7
1.0;5
1.0;5
1.0;7
1.0;7
1.0;5
1.0;5
1.0;7
1.0;7
1.0;5
1.0;5
1.0;5
1.0;5
1.0;5
1.0;5
1.0;5
1.0;5
1.0;9
1.0;9
1.0;5
1.0;5
1.0;7
1.0;7
1.0;5
1.0;5
1.0;5
1.0;5
1.0;5
1.0;5
1.0;5
1.0;5
1.0;5
1.0;5
1.0;5
1.0;5
1.0;5
1.0;5
1.0;5
1.0;5
1.0;7
1.0;7
1.0;5
1.0;5
1.0;7
1.0;7
1.0;7
1.0;7
1.0;5
1.0;5
1.0;7
1.0;7
1.0;5
1.0;5
1.0;5
1.0;5
1.0;7
1.0;7
1.0;5
1.0;5
1.0;5
1.0;5
1.0;5
1.0;5
1.0;5
1.0;5
1.0;5
1.0;5
1.0;5
1.0;5
1.0;5
1.0;5
1.0;5
1.0;5
1.0;5
1.0;5
1.0;5
1.0;5
1.0;5
1.0;5
1.0;5
1.0;5
1.0;5
1.0;5
1.0;5
1.0;5
1.0;5
1.0;5
1.0;5
1.0;5
1.0;7
1.0;7
1.0;5
1.0;5
1.0;5
1.0;5
1.0;5
1.0;5
1.0;5
1.0;5
1.0;5
1.0;5
1.0;7
1.0;7
1.0;7
1.0;7
1.0;5
1.0;5
1.0;5
1.0;5
1.0;9
1.0;9
1.0;5
1.0;5
1.0;5
1.0;5
1.0;5
1.0;5
1.0;5
1.0;5
1.0;5
1.0;5
1.0;7
1.0;7
1.0;47
1.0;47
1.0;5
1.0;5
1.0;11
1.0;11
1.0;5
1.0;5
1.0;5
1.0;5
1.0;7
1.0;7
1.0;7
1.0;7
1.0;5
1.0;5
1.0;5
1.0;5
1.0;7
1.0;7
1.0;5
1.0;5
1.0;5
1.0;5
1.0;5
1.0;5
1.0;5
1.0;5
1.0;5
1.0;5
1.0;5
1.0;5
1.0;5
1.0;5
1.0;17
1.0;17
1.0;9
1.0;9
1.0;5
1.0;5
1.0;5
1.0;5
1.0;5
1.0;5
1.0;7
1.0;7
1.0;5
1.0;5
1.0;5
1.0;5
1.0;5
1.0;5
1.0;5
1.0;5
1.0;5
1.0;5
1.0;5
1.0;5
1.0;7
1.0;7
1.0;5
1.0;5
1.0;5
1.0;5
1.0;5
1.0;5
1.0;5
1.0;5
1.0;5
1.0;5
1.0;5
1.0;5
1.0;5
1.0;5
1.0;5
1.0;5
1.0;5
1.0;5
1.0;5
1.0;5
1.0;7
1.0;7
1.0;7
1.0;7
1.0;7
1.0;7
1.0;5
1.0;5
0.0;28
0.0;28
1.0;246
1.0;246
1.0;7
1.0;7
1.0;7
1.0;7
1.0;7
1.0;7
1.0;5
1.0;5
1.0;7
1.0;7
1.0;5
1.0;5
1.0;5
1.0;5
1.0;7
1.0;7
1.0;5
1.0;5
1.0;5
1.0;5
1.0;5
1.0;5
1.0;5
1.0;5
1.0;7
1.0;7
1.0;5
1.0;5
1.0;5
1.0;5
1.0;5
1.0;5
1.0;5
1.0;5
1.0;9
1.0;9
1.0;5
1.0;5
1.0;5
1.0;5
1.0;5
1.0;5
1.0;5
1.0;5
1.0;5
1.0;5
1.0;7
1.0;7
1.0;7
1.0;7
1.0;7
1.0;7
1.0;7
1.0;7
1.0;5
1.0;5
1.0;5
1.0;5
1.0;5
1.0;5
1.0;7
1.0;7
1.0;7
1.0;7
1.0;5
1.0;5
1.0;7
1.0;7
1.0;5
1.0;5
1.0;5
1.0;5
1.0;5
1.0;5
1.0;5
1.0;5
1.0;5
1.0;5
1.0;121
1.0;121
1.0;5
1.0;5
1.0;5
1.0;5
1.0;5
1.0;5
1.0;7
1.0;7
1.0;7
1.0;7
1.0;7
1.0;7
1.0;5
1.0;5
1.0;9
1.0;9
1.0;7
1.0;7
1.0;7
1.0;7
1.0;7
1.0;7
0.0;45
0.0;45
1.0;5
1.0;5
1.0;5
1.0;5
1.0;5
1.0;5
1.0;5
1.0;5
1.0;5
1.0;5
1.0;5
1.0;5
1.0;5
1.0;5
1.0;5
1.0;5
1.0;5
1.0;5
1.0;7
1.0;7
1.0;5
1.0;5
1.0;7
1.0;7
1.0;5
1.0;5
1.0;5
1.0;5
1.0;5
1.0;5
1.0;5
1.0;5
1.0;7
1.0;7
1.0;5
1.0;5
1.0;5
1.0;5
1.0;7
1.0;7
1.0;5
1.0;5
1.0;5
1.0;5
1.0;5
1.0;5
1.0;5
1.0;5
1.0;7
1.0;7
1.0;9
1.0;9
1.0;5
1.0;5
1.0;5
1.0;5
1.0;5
1.0;5
1.0;5
1.0;5
1.0;5
1.0;5
1.0;5
1.0;5
1.0;5
1.0;5
1.0;7
1.0;7
1.0;5
1.0;5
1.0;5
1.0;5
1.0;5
1.0;5
1.0;5
1.0;5
1.0;7
1.0;7
1.0;5
1.0;5
1.0;5
1.0;5
1.0;7
1.0;7
1.0;5
1.0;5
1.0;5
1.0;5
1.0;5
1.0;5
1.0;5
1.0;5
1.0;5
1.0;5
1.0;5
1.0;5
1.0;7
1.0;7
1.0;5
1.0;5
1.0;5
1.0;5
1.0;5
1.0;5
1.0;5
1.0;5
1.0;385
1.0;385
1.0;5
1.0;5
1.0;7
1.0;7
1.0;5
1.0;5
1.0;5
1.0;5
1.0;5
1.0;5
1.0;5
1.0;5
1.0;5
1.0;5
1.0;5
1.0;5
1.0;5
1.0;5
1.0;5
1.0;5
1.0;5
1.0;5
1.0;5
1.0;5
1.0;5
1.0;5
1.0;11
1.0;11
1.0;5
1.0;5
1.0;5
1.0;5
1.0;5
1.0;5
1.0;5
1.0;5
1.0;5
1.0;5
1.0;5
1.0;5
1.0;11
1.0;11
1.0;5
1.0;5
1.0;5
1.0;5
1.0;7
1.0;7
1.0;5
1.0;5
1.0;5
1.0;5
1.0;5
1.0;5
1.0;5
1.0;5
1.0;5
1.0;5
1.0;5
1.0;5
1.0;5
1.0;5
1.0;5
1.0;5
1.0;5
1.0;5
1.0;5
1.0;5
1.0;7
1.0;7
1.0;5
1.0;5
1.0;51
1.0;51
1.0;5
1.0;5
1.0;5
1.0;5
1.0;5
1.0;5
1.0;7
1.0;7
1.0;5
1.0;5
1.0;118
1.0;118
1.0;5
1.0;5
1.0;5
1.0;5
1.0;5
1.0;5
1.0;5
1.0;5
1.0;5
1.0;5
1.0;7
1.0;7
1.0;5
1.0;5
1.0;7
1.0;7
1.0;7
1.0;7
1.0;7
1.0;7
1.0;5
1.0;5
1.0;7
1.0;7
1.0;7
1.0;7
1.0;5
1.0;5
1.0;5
1.0;5
1.0;5
1.0;5
1.0;7
1.0;7
1.0;5
1.0;5
1.0;5
1.0;5
1.0;5
1.0;5
1.0;5
1.0;5
1.0;7
1.0;7
1.0;7
1.0;7
1.0;5
1.0;5
1.0;7
1.0;7
1.0;7
1.0;7
1.0;7
1.0;7
1.0;5
1.0;5
1.0;5
1.0;5
1.0;230
1.0;230
1.0;5
1.0;5
1.0;5
1.0;5
0.0;56
0.0;56
1.0;5
1.0;5
1.0;5
1.0;5
1.0;5
1.0;5
1.0;5
1.0;5
1.0;5
1.0;5
1.0;5
1.0;5
1.0;5
1.0;5
1.0;5
1.0;5
1.0;5
1.0;5
1.0;5
1.0;5
1.0;7
1.0;7
1.0;5
1.0;5
1.0;5
1.0;5
1.0;5
1.0;5
1.0;5
1.0;5
1.0;5
1.0;5
1.0;5
1.0;5
1.0;7
1.0;7
1.0;5
1.0;5
1.0;5
1.0;5
1.0;5
1.0;5
1.0;5
1.0;5
1.0;7
1.0;7
1.0;5
1.0;5
1.0;7
1.0;7
1.0;5
1.0;5
1.0;5
1.0;5
1.0;223
1.0;223
1.0;7
1.0;7
1.0;9
1.0;9
1.0;5
1.0;5
1.0;5
1.0;5
1.0;7
1.0;7
1.0;5
1.0;5
1.0;5
1.0;5
1.0;59
1.0;59
1.0;5
1.0;5
1.0;5
1.0;5
1.0;5
1.0;5
1.0;7
1.0;7
1.0;5
1.0;5
1.0;5
1.0;5
1.0;5
1.0;5
1.0;5
1.0;5
1.0;5
1.0;5
1.0;5
1.0;5
1.0;88
1.0;88
1.0;5
1.0;5
1.0;5
1.0;5
1.0;5
1.0;5
1.0;5
1.0;5
1.0;7
1.0;7
1.0;7
1.0;7
1.0;7
1.0;7
1.0;9
1.0;9
1.0;5
1.0;5
1.0;5
1.0;5
1.0;5
1.0;5
1.0;7
1.0;7
1.0;5
1.0;5
1.0;5
1.0;5
1.0;5
1.0;5
1.0;5
1.0;5
1.0;7
1.0;7
1.0;5
1.0;5
1.0;5
1.0;5
1.0;5
1.0;5
1.0;5
1.0;5
1.0;5
1.0;5
1.0;11
1.0;11
1.0;5
1.0;5
1.0;7
1.0;7
1.0;7
1.0;7
1.0;5
1.0;5
1.0;5
1.0;5
1.0;9
1.0;9
1.0;7
1.0;7
1.0;9
1.0;9
1.0;5
1.0;5
1.0;5
1.0;5
1.0;5
1.0;5
1.0;5
1.0;5
1.0;7
1.0;7
1.0;89
1.0;89
1.0;5
1.0;5
1.0;5
1.0;5
1.0;5
1.0;5
1.0;5
1.0;5
1.0;5
1.0;5
1.0;7
1.0;7
1.0;5
1.0;5
1.0;7
1.0;7
1.0;165
1.0;165
1.0;5
1.0;5
1.0;11
1.0;11
1.0;5
1.0;5
1.0;5
1.0;5
1.0;7
1.0;7
1.0;7
1.0;7
1.0;5
1.0;5
1.0;7
1.0;7
1.0;5
1.0;5
1.0;9
1.0;9
1.0;5
1.0;5
1.0;9
1.0;9
1.0;5
1.0;5
1.0;5
1.0;5
1.0;5
1.0;5
1.0;13
1.0;13
1.0;5
1.0;5
1.0;5
1.0;5
1.0;9
1.0;9
1.0;5
1.0;5
1.0;5
1.0;5
1.0;5
1.0;5
1.0;5
1.0;5
1.0;5
1.0;5
1.0;5
1.0;5
0.0;32
0.0;32
1.0;5
1.0;5
1.0;5
1.0;5
1.0;7
1.0;7
1.0;9
1.0;9
1.0;5
1.0;5
1.0;5
1.0;5
1.0;5
1.0;5
1.0;33
1.0;33
1.0;5
1.0;5
1.0;5
1.0;5
1.0;5
1.0;5
1.0;5
1.0;5
1.0;9
1.0;9
1.0;9
1.0;9
1.0;7
1.0;7
1.0;5
1.0;5
1.0;7
1.0;7
1.0;5
1.0;5
1.0;5
1.0;5
1.0;5
1.0;5
1.0;5
1.0;5
1.0;5
1.0;5
1.0;5
1.0;5
1.0;5
1.0;5
1.0;7
1.0;7
1.0;5
1.0;5
1.0;5
1.0;5
1.0;5
1.0;5
1.0;5
1.0;5
1.0;5
1.0;5
1.0;108
1.0;108
1.0;5
1.0;5
1.0;9
1.0;9
1.0;5
1.0;5
1.0;5
1.0;5
1.0;5
1.0;5
1.0;9
1.0;9
1.0;5
1.0;5
1.0;5
1.0;5
1.0;5
1.0;5
1.0;5
1.0;5
1.0;5
1.0;5
1.0;7
1.0;7
1.0;7
1.0;7
1.0;5
1.0;5
1.0;5
1.0;5
1.0;7
1.0;7
1.0;5
1.0;5
1.0;5
1.0;5
1.0;5
1.0;5
1.0;5
1.0;5
1.0;5
1.0;5
1.0;5
1.0;5
1.0;7
1.0;7
1.0;9
1.0;9
1.0;5
1.0;5
1.0;5
1.0;5
1.0;5
1.0;5
1.0;7
1.0;7
1.0;7
1.0;7
1.0;5
1.0;5
1.0;7
1.0;7
1.0;9
1.0;9
1.0;5
1.0;5
1.0;5
1.0;5
1.0;5
1.0;5
1.0;5
1.0;5
1.0;5
1.0;5
1.0;5
1.0;5
1.0;7
1.0;7
1.0;5
1.0;5
1.0;51
1.0;51
1.0;5
1.0;5
1.0;5
1.0;5
1.0;7
1.0;7
1.0;7
1.0;7
1.0;9
1.0;9
1.0;5
1.0;5
1.0;5
1.0;5
1.0;5
1.0;5
1.0;5
1.0;5
1.0;5
1.0;5
1.0;5
1.0;5
1.0;5
1.0;5
1.0;5
1.0;5
1.0;15
1.0;15
1.0;5
1.0;5
1.0;5
1.0;5
1.0;5
1.0;5
1.0;5
1.0;5
1.0;5
1.0;5
1.0;5
1.0;5
1.0;5
1.0;5
1.0;5
1.0;5
1.0;5
1.0;5
1.0;5
1.0;5
0.0;118
0.0;118
1.0;9
1.0;9
1.0;5
1.0;5
1.0;5
1.0;5
1.0;7
1.0;7
1.0;7
1.0;7
1.0;11
1.0;11
1.0;7
1.0;7
1.0;5
1.0;5
1.0;5
1.0;5
1.0;5
1.0;5
1.0;7
1.0;7
0.0;30
0.0;30
1.0;9
1.0;9
1.0;5
1.0;5
1.0;7
1.0;7
1.0;9
1.0;9
1.0;5
1.0;5
1.0;5
1.0;5
1.0;5
1.0;5
1.0;7
1.0;7
1.0;5
1.0;5
1.0;7
1.0;7
1.0;5
1.0;5
1.0;5
1.0;5
1.0;5
1.0;5
1.0;5
1.0;5
1.0;7
1.0;7
1.0;7
1.0;7
1.0;5
1.0;5
1.0;5
1.0;5
1.0;5
1.0;5
1.0;5
1.0;5
1.0;5
1.0;5
1.0;5
1.0;5
1.0;7
1.0;7
1.0;9
1.0;9
1.0;7
1.0;7
1.0;9
1.0;9
1.0;5
1.0;5
1.0;7
1.0;7
1.0;5
1.0;5
1.0;5
1.0;5
1.0;5
1.0;5
1.0;5
1.0;5
1.0;7
1.0;7
1.0;5
1.0;5
1.0;7
1.0;7
1.0;5
1.0;5
1.0;5
1.0;5
1.0;5
1.0;5
1.0;5
1.0;5
1.0;5
1.0;5
1.0;5
1.0;5
1.0;5
1.0;5
1.0;5
1.0;5
1.0;5
1.0;5
1.0;5
1.0;5
1.0;5
1.0;5
1.0;5
1.0;5
1.0;7
1.0;7
1.0;7
1.0;7
1.0;5
1.0;5
1.0;7
1.0;7
1.0;5
1.0;5
1.0;5
1.0;5
1.0;5
1.0;5
1.0;7
1.0;7
1.0;5
1.0;5
1.0;5
1.0;5
1.0;5
1.0;5
1.0;11
1.0;11
1.0;5
1.0;5
1.0;5
1.0;5
1.0;5
1.0;5
1.0;5
1.0;5
1.0;5
1.0;5
1.0;5
1.0;5
1.0;5
1.0;5
1.0;5
1.0;5
1.0;11
1.0;11
1.0;5
1.0;5
1.0;11
1.0;11
1.0;9
1.0;9
1.0;7
1.0;7
1.0;9
1.0;9
1.0;5
1.0;5
1.0;5
1.0;5
1.0;5
1.0;5
1.0;5
1.0;5
1.0;5
1.0;5
1.0;5
1.0;5
1.0;5
1.0;5
1.0;5
1.0;5
1.0;7
1.0;7
1.0;7
1.0;7
1.0;7
1.0;7
1.0;5
1.0;5
1.0;5
1.0;5
1.0;5
1.0;5
1.0;5
1.0;5
1.0;406
1.0;406
1.0;5
1.0;5
1.0;7
1.0;7
1.0;7
1.0;7
1.0;5
1.0;5
1.0;5
1.0;5
1.0;5
1.0;5
1.0;5
1.0;5
1.0;5
1.0;5
1.0;5
1.0;5
1.0;5
1.0;5
1.0;5
1.0;5
1.0;5
1.0;5
1.0;5
1.0;5
1.0;5
1.0;5
1.0;5
1.0;5
1.0;9
1.0;9
1.0;5
1.0;5
1.0;147
1.0;147
1.0;5
1.0;5
1.0;5
1.0;5
1.0;5
1.0;5
1.0;5
1.0;5
1.0;5
1.0;5
1.0;9
1.0;9
1.0;5
1.0;5
1.0;5
1.0;5
1.0;5
1.0;5
1.0;5
1.0;5
1.0;5
1.0;5
1.0;5
1.0;5
1.0;5
1.0;5
1.0;5
1.0;5
1.0;5
1.0;5
1.0;5
1.0;5
1.0;5
1.0;5
1.0;5
1.0;5
1.0;5
1.0;5
1.0;7
1.0;7
1.0;5
1.0;5
1.0;9
1.0;9
1.0;5
1.0;5
1.0;5
1.0;5
1.0;5
1.0;5
1.0;5
1.0;5
1.0;5
1.0;5
1.0;7
1.0;7
1.0;5
1.0;5
1.0;5
1.0;5
1.0;7
1.0;7
1.0;5
1.0;5
1.0;5
1.0;5
1.0;5
1.0;5
1.0;5
1.0;5
1.0;5
1.0;5
1.0;5
1.0;5
1.0;11
1.0;11
1.0;5
1.0;5
1.0;5
1.0;5
1.0;5
1.0;5
1.0;5
1.0;5
1.0;7
1.0;7
1.0;5
1.0;5
1.0;5
1.0;5
1.0;7
1.0;7
1.0;5
1.0;5
1.0;5
1.0;5
1.0;5
1.0;5
1.0;5
1.0;5
1.0;5
1.0;5
1.0;7
1.0;7
1.0;5
1.0;5
1.0;7
1.0;7
1.0;5
1.0;5
1.0;7
1.0;7
1.0;5
1.0;5
1.0;5
1.0;5
1.0;5
1.0;5
1.0;5
1.0;5
1.0;5
1.0;5
