1.0;149
1.0;149
1.0;221
1.0;221
1.0;441
1.0;441
1.0;62
1.0;62
1.0;56
1.0;56
1.0;35
1.0;35
1.0;26
1.0;26
1.0;192
1.0;192
1.0;89
1.0;89
1.0;132
1.0;132
1.0;37
1.0;37
1.0;9
1.0;9
1.0;96
1.0;96
1.0;433
1.0;433
1.0;21
1.0;21
0.0;183
0.0;183
1.0;70
1.0;70
1.0;73
1.0;73
1.0;29
1.0;29
1.0;50
1.0;50
1.0;327
1.0;327
1.0;35
1.0;35
1.0;74
1.0;74
1.0;88
1.0;88
1.0;38
1.0;38
1.0;23
1.0;23
1.0;19
1.0;19
1.0;42
1.0;42
1.0;13
1.0;13
1.0;206
1.0;206
1.0;482
1.0;482
1.0;14
1.0;14
1.0;11
1.0;11
1.0;71
1.0;71
1.0;9
1.0;9
1.0;8
1.0;8
1.0;17
1.0;17
1.0;75
1.0;75
1.0;30
1.0;30
1.0;8
1.0;8
1.0;28
1.0;28
1.0;20
1.0;20
1.0;252
1.0;252
1.0;18
1.0;18
1.0;10
1.0;10
1.0;184
1.0;184
1.0;18
1.0;18
1.0;11
1.0;11
1.0;17
1.0;17
1.0;60
1.0;60
1.0;8
1.0;8
1.0;8
1.0;8
1.0;9
1.0;9
1.0;96
1.0;96
1.0;8
1.0;8
1.0;37
1.0;37
1.0;10
1.0;10
1.0;13
1.0;13
1.0;9
1.0;9
1.0;10
1.0;10
1.0;16
1.0;16
1.0;12
1.0;12
1.0;12
1.0;12
1.0;8
1.0;8
1.0;9
1.0;9
1.0;12
1.0;12
1.0;8
1.0;8
1.0;8
1.0;8
1.0;8
1.0;8
1.0;52
1.0;52
1.0;12
1.0;12
1.0;8
1.0;8
1.0;9
1.0;9
1.0;8
1.0;8
1.0;8
1.0;8
1.0;8
1.0;8
1.0;8
1.0;8
1.0;73
1.0;73
1.0;10
1.0;10
1.0;8
1.0;8
1.0;8
1.0;8
1.0;8
1.0;8
1.0;8
1.0;8
1.0;8
1.0;8
1.0;8
1.0;8
1.0;8
1.0;8
1.0;10
1.0;10
1.0;10
1.0;10
1.0;8
1.0;8
1.0;8
1.0;8
1.0;8
1.0;8
1.0;8
1.0;8
1.0;10
1.0;10
1.0;8
1.0;8
1.0;8
1.0;8
1.0;8
1.0;8
1.0;8
1.0;8
1.0;8
1.0;8
1.0;10
1.0;10
1.0;12
1.0;12
1.0;65
1.0;65
1.0;8
1.0;8
1.0;12
1.0;12
1.0;8
1.0;8
1.0;8
1.0;8
1.0;60
1.0;60
1.0;8
1.0;8
1.0;8
1.0;8
1.0;8
1.0;8
1.0;8
1.0;8
1.0;8
1.0;8
1.0;10
1.0;10
1.0;8
1.0;8
1.0;8
1.0;8
1.0;12
1.0;12
1.0;8
1.0;8
1.0;8
1.0;8
1.0;8
1.0;8
1.0;8
1.0;8
1.0;8
1.0;8
1.0;8
1.0;8
1.0;8
1.0;8
1.0;10
1.0;10
1.0;12
1.0;12
1.0;12
1.0;12
1.0;8
1.0;8
1.0;11
1.0;11
1.0;10
1.0;10
1.0;8
1.0;8
1.0;10
1.0;10
1.0;14
1.0;14
1.0;8
1.0;8
1.0;10
1.0;10
1.0;243
1.0;243
1.0;8
1.0;8
1.0;10
1.0;10
1.0;10
1.0;10
1.0;8
1.0;8
1.0;8
1.0;8
1.0;8
1.0;8
1.0;8
1.0;8
1.0;8
1.0;8
1.0;8
1.0;8
1.0;8
1.0;8
1.0;8
1.0;8
1.0;8
1.0;8
1.0;12
1.0;12
1.0;8
1.0;8
1.0;10
1.0;10
1.0;8
1.0;8
1.0;8
1.0;8
1.0;8
1.0;8
1.0;10
1.0;10
1.0;10
1.0;10
1.0;8
1.0;8
1.0;8
1.0;8
1.0;8
1.0;8
1.0;10
1.0;10
1.0;8
1.0;8
1.0;10
1.0;10
1.0;8
1.0;8
1.0;10
1.0;10
1.0;10
1.0;10
1.0;10
1.0;10
1.0;14
1.0;14
1.0;8
1.0;8
1.0;10
1.0;10
1.0;8
1.0;8
1.0;10
1.0;10
1.0;8
1.0;8
1.0;130
1.0;130
1.0;51
1.0;51
1.0;8
1.0;8
1.0;8
1.0;8
1.0;10
1.0;10
1.0;9
1.0;9
1.0;12
1.0;12
1.0;10
1.0;10
1.0;8
1.0;8
1.0;8
1.0;8
1.0;11
1.0;11
1.0;8
1.0;8
1.0;8
1.0;8
1.0;10
1.0;10
1.0;8
1.0;8
1.0;12
1.0;12
1.0;8
1.0;8
1.0;8
1.0;8
1.0;9
1.0;9
1.0;12
1.0;12
1.0;10
1.0;10
1.0;8
1.0;8
1.0;8
1.0;8
1.0;8
1.0;8
1.0;8
1.0;8
1.0;10
1.0;10
1.0;8
1.0;8
1.0;8
1.0;8
1.0;10
1.0;10
1.0;8
1.0;8
1.0;8
1.0;8
1.0;8
1.0;8
1.0;8
1.0;8
1.0;8
1.0;8
1.0;10
1.0;10
1.0;8
1.0;8
1.0;8
1.0;8
1.0;8
1.0;8
1.0;10
1.0;10
1.0;8
1.0;8
1.0;8
1.0;8
1.0;8
1.0;8
1.0;8
1.0;8
1.0;10
1.0;10
1.0;12
1.0;12
1.0;10
1.0;10
1.0;167
1.0;167
1.0;10
1.0;10
1.0;12
1.0;12
1.0;8
1.0;8
1.0;10
1.0;10
1.0;8
1.0;8
1.0;8
1.0;8
1.0;8
1.0;8
0.0;122
0.0;122
1.0;8
1.0;8
1.0;10
1.0;10
1.0;8
1.0;8
1.0;8
1.0;8
1.0;10
1.0;10
1.0;10
1.0;10
1.0;8
1.0;8
1.0;10
1.0;10
1.0;8
1.0;8
0.0;95
0.0;95
1.0;10
1.0;10
1.0;133
1.0;133
1.0;8
1.0;8
1.0;8
1.0;8
1.0;8
1.0;8
1.0;10
1.0;10
1.0;10
1.0;10
1.0;8
1.0;8
1.0;8
1.0;8
1.0;12
1.0;12
1.0;10
1.0;10
1.0;8
1.0;8
1.0;201
1.0;201
1.0;8
1.0;8
1.0;16
1.0;16
1.0;8
1.0;8
1.0;8
1.0;8
1.0;8
1.0;8
1.0;8
1.0;8
1.0;8
1.0;8
1.0;12
1.0;12
1.0;8
1.0;8
1.0;8
1.0;8
1.0;8
1.0;8
1.0;10
1.0;10
1.0;10
1.0;10
1.0;8
1.0;8
1.0;8
1.0;8
1.0;8
1.0;8
1.0;10
1.0;10
1.0;8
1.0;8
1.0;14
1.0;14
1.0;10
1.0;10
1.0;8
1.0;8
1.0;10
1.0;10
1.0;8
1.0;8
1.0;10
1.0;10
1.0;8
1.0;8
1.0;8
1.0;8
1.0;8
1.0;8
1.0;8
1.0;8
1.0;8
1.0;8
1.0;8
1.0;8
1.0;8
1.0;8
1.0;8
1.0;8
1.0;10
1.0;10
1.0;8
1.0;8
1.0;10
1.0;10
1.0;12
1.0;12
1.0;12
1.0;12
1.0;8
1.0;8
1.0;10
1.0;10
1.0;8
1.0;8
1.0;101
1.0;101
1.0;8
1.0;8
1.0;10
1.0;10
1.0;8
1.0;8
1.0;8
1.0;8
1.0;10
1.0;10
1.0;8
1.0;8
1.0;8
1.0;8
1.0;10
1.0;10
1.0;10
1.0;10
1.0;10
1.0;10
1.0;10
1.0;10
1.0;8
1.0;8
1.0;12
1.0;12
1.0;8
1.0;8
1.0;8
1.0;8
1.0;10
1.0;10
1.0;14
1.0;14
1.0;10
1.0;10
1.0;8
1.0;8
1.0;8
1.0;8
1.0;8
1.0;8
1.0;8
1.0;8
1.0;8
1.0;8
1.0;9
1.0;9
1.0;9
1.0;9
1.0;8
1.0;8
1.0;127
1.0;127
1.0;8
1.0;8
1.0;8
1.0;8
1.0;10
1.0;10
1.0;11
1.0;11
1.0;10
1.0;10
1.0;8
1.0;8
1.0;8
1.0;8
1.0;8
1.0;8
1.0;8
1.0;8
1.0;10
1.0;10
1.0;10
1.0;10
1.0;8
1.0;8
1.0;10
1.0;10
1.0;8
1.0;8
1.0;8
1.0;8
1.0;8
1.0;8
1.0;10
1.0;10
1.0;8
1.0;8
1.0;115
1.0;115
1.0;8
1.0;8
1.0;11
1.0;11
1.0;8
1.0;8
1.0;8
1.0;8
1.0;10
1.0;10
1.0;10
1.0;10
1.0;12
1.0;12
1.0;11
1.0;11
1.0;8
1.0;8
1.0;8
1.0;8
1.0;8
1.0;8
1.0;10
1.0;10
1.0;94
1.0;94
1.0;8
1.0;8
1.0;8
1.0;8
1.0;10
1.0;10
1.0;8
1.0;8
1.0;10
1.0;10
1.0;10
1.0;10
1.0;10
1.0;10
1.0;8
1.0;8
1.0;8
1.0;8
1.0;8
1.0;8
1.0;11
1.0;11
0.0;500
0.0;500
1.0;8
1.0;8
1.0;8
1.0;8
1.0;10
1.0;10
1.0;8
1.0;8
1.0;8
1.0;8
1.0;8
1.0;8
1.0;9
1.0;9
1.0;8
1.0;8
1.0;8
1.0;8
1.0;168
1.0;168
1.0;75
1.0;75
1.0;8
1.0;8
1.0;8
1.0;8
1.0;8
1.0;8
1.0;8
1.0;8
1.0;8
1.0;8
1.0;10
1.0;10
1.0;8
1.0;8
1.0;10
1.0;10
1.0;10
1.0;10
1.0;8
1.0;8
1.0;8
1.0;8
1.0;8
1.0;8
1.0;8
1.0;8
1.0;8
1.0;8
1.0;10
1.0;10
1.0;9
1.0;9
1.0;8
1.0;8
1.0;10
1.0;10
1.0;8
1.0;8
1.0;148
1.0;148
1.0;8
1.0;8
1.0;11
1.0;11
1.0;10
1.0;10
1.0;10
1.0;10
1.0;8
1.0;8
1.0;87
1.0;87
1.0;10
1.0;10
1.0;10
1.0;10
1.0;10
1.0;10
1.0;14
1.0;14
1.0;8
1.0;8
1.0;8
1.0;8
1.0;8
1.0;8
1.0;8
1.0;8
1.0;10
1.0;10
1.0;10
1.0;10
1.0;8
1.0;8
1.0;8
1.0;8
1.0;10
1.0;10
1.0;14
1.0;14
0.0;356
0.0;356
1.0;119
1.0;119
1.0;8
1.0;8
1.0;8
1.0;8
1.0;10
1.0;10
1.0;10
1.0;10
1.0;10
1.0;10
1.0;8
1.0;8
1.0;8
1.0;8
1.0;8
1.0;8
1.0;8
1.0;8
1.0;189
1.0;189
1.0;8
1.0;8
1.0;8
1.0;8
1.0;279
1.0;279
1.0;8
1.0;8
1.0;10
1.0;10
1.0;48
1.0;48
1.0;8
1.0;8
1.0;8
1.0;8
1.0;8
1.0;8
1.0;10
1.0;10
1.0;129
1.0;129
1.0;12
1.0;12
1.0;12
1.0;12
1.0;10
1.0;10
1.0;8
1.0;8
1.0;10
1.0;10
1.0;10
1.0;10
1.0;8
1.0;8
1.0;8
1.0;8
1.0;10
1.0;10
1.0;10
1.0;10
1.0;8
1.0;8
1.0;8
1.0;8
1.0;10
1.0;10
1.0;10
1.0;10
1.0;8
1.0;8
1.0;10
1.0;10
1.0;8
1.0;8
1.0;8
1.0;8
1.0;12
1.0;12
1.0;8
1.0;8
1.0;8
1.0;8
1.0;14
1.0;14
1.0;10
1.0;10
1.0;8
1.0;8
1.0;8
1.0;8
1.0;12
1.0;12
1.0;8
1.0;8
1.0;8
1.0;8
1.0;8
1.0;8
1.0;8
1.0;8
1.0;9
1.0;9
1.0;8
1.0;8
1.0;8
1.0;8
1.0;8
1.0;8
1.0;8
1.0;8
1.0;8
1.0;8
1.0;8
1.0;8
1.0;8
1.0;8
1.0;10
1.0;10
1.0;12
1.0;12
1.0;8
1.0;8
1.0;8
1.0;8
1.0;8
1.0;8
1.0;8
1.0;8
1.0;8
1.0;8
1.0;8
1.0;8
1.0;12
1.0;12
1.0;10
1.0;10
1.0;14
1.0;14
1.0;8
1.0;8
1.0;8
1.0;8
1.0;8
1.0;8
1.0;10
1.0;10
1.0;8
1.0;8
1.0;8
1.0;8
1.0;8
1.0;8
1.0;12
1.0;12
1.0;10
1.0;10
1.0;10
1.0;10
1.0;10
1.0;10
1.0;10
1.0;10
1.0;16
1.0;16
1.0;8
1.0;8
1.0;30
1.0;30
1.0;9
1.0;9
1.0;10
1.0;10
1.0;12
1.0;12
1.0;8
1.0;8
1.0;8
1.0;8
1.0;10
1.0;10
1.0;12
1.0;12
1.0;8
1.0;8
1.0;10
1.0;10
1.0;10
1.0;10
1.0;12
1.0;12
1.0;10
1.0;10
1.0;8
1.0;8
1.0;10
1.0;10
1.0;8
1.0;8
1.0;12
1.0;12
1.0;8
1.0;8
1.0;8
1.0;8
1.0;8
1.0;8
1.0;13
1.0;13
1.0;8
1.0;8
1.0;8
1.0;8
1.0;10
1.0;10
1.0;12
1.0;12
1.0;8
1.0;8
1.0;8
1.0;8
1.0;33
1.0;33
1.0;8
1.0;8
1.0;8
1.0;8
1.0;8
1.0;8
1.0;8
1.0;8
1.0;9
1.0;9
1.0;12
1.0;12
1.0;10
1.0;10
1.0;8
1.0;8
1.0;8
1.0;8
1.0;10
1.0;10
1.0;8
1.0;8
1.0;393
1.0;393
1.0;10
1.0;10
1.0;8
1.0;8
1.0;8
1.0;8
1.0;8
1.0;8
1.0;8
1.0;8
1.0;8
1.0;8
1.0;8
1.0;8
1.0;12
1.0;12
1.0;8
1.0;8
1.0;8
1.0;8
1.0;8
1.0;8
1.0;144
1.0;144
1.0;114
1.0;114
1.0;10
1.0;10
1.0;8
1.0;8
1.0;8
1.0;8
1.0;101
1.0;101
1.0;10
1.0;10
1.0;8
1.0;8
1.0;10
1.0;10
1.0;8
1.0;8
1.0;245
1.0;245
1.0;8
1.0;8
1.0;8
1.0;8
1.0;12
1.0;12
1.0;8
1.0;8
1.0;12
1.0;12
1.0;8
1.0;8
1.0;10
1.0;10
1.0;8
1.0;8
1.0;8
1.0;8
1.0;8
1.0;8
1.0;8
1.0;8
1.0;31
1.0;31
1.0;10
1.0;10
1.0;10
1.0;10
1.0;10
1.0;10
1.0;8
1.0;8
1.0;8
1.0;8
1.0;8
1.0;8
1.0;10
1.0;10
1.0;8
1.0;8
1.0;8
1.0;8
1.0;8
1.0;8
1.0;8
1.0;8
1.0;8
1.0;8
1.0;8
1.0;8
1.0;8
1.0;8
1.0;12
1.0;12
1.0;10
1.0;10
1.0;10
1.0;10
1.0;12
1.0;12
1.0;8
1.0;8
1.0;8
1.0;8
1.0;8
1.0;8
1.0;8
1.0;8
1.0;8
1.0;8
1.0;8
1.0;8
1.0;8
1.0;8
1.0;10
1.0;10
1.0;10
1.0;10
1.0;10
1.0;10
1.0;10
1.0;10
1.0;10
1.0;10
1.0;8
1.0;8
1.0;8
1.0;8
1.0;8
1.0;8
1.0;90
1.0;90
1.0;10
1.0;10
1.0;8
1.0;8
1.0;10
1.0;10
1.0;8
1.0;8
1.0;12
1.0;12
1.0;12
1.0;12
1.0;8
1.0;8
1.0;16
1.0;16
1.0;271
1.0;271
1.0;8
1.0;8
1.0;10
1.0;10
1.0;8
1.0;8
1.0;8
1.0;8
1.0;10
1.0;10
1.0;10
1.0;10
1.0;8
1.0;8
1.0;8
1.0;8
1.0;99
1.0;99
1.0;8
1.0;8
1.0;12
1.0;12
1.0;8
1.0;8
1.0;12
1.0;12
1.0;10
1.0;10
1.0;8
1.0;8
1.0;10
1.0;10
1.0;8
1.0;8
1.0;8
1.0;8
1.0;10
1.0;10
1.0;8
1.0;8
1.0;225
1.0;225
1.0;8
1.0;8
1.0;8
1.0;8
1.0;10
1.0;10
1.0;10
1.0;10
1.0;32
1.0;32
1.0;8
1.0;8
1.0;12
1.0;12
1.0;10
1.0;10
1.0;10
1.0;10
1.0;50
1.0;50
1.0;12
1.0;12
1.0;8
1.0;8
1.0;8
1.0;8
1.0;9
1.0;9
1.0;8
1.0;8
1.0;14
1.0;14
1.0;8
1.0;8
1.0;10
1.0;10
1.0;8
1.0;8
1.0;8
1.0;8
1.0;8
1.0;8
1.0;8
1.0;8
1.0;10
1.0;10
1.0;146
1.0;146
1.0;8
1.0;8
1.0;8
1.0;8
1.0;10
1.0;10
1.0;13
1.0;13
1.0;8
1.0;8
1.0;8
1.0;8
1.0;8
1.0;8
1.0;8
1.0;8
1.0;10
1.0;10
1.0;8
1.0;8
1.0;10
1.0;10
1.0;8
1.0;8
1.0;8
1.0;8
1.0;8
1.0;8
1.0;8
1.0;8
1.0;10
1.0;10
1.0;8
1.0;8
1.0;8
1.0;8
1.0;8
1.0;8
1.0;10
1.0;10
1.0;10
1.0;10
1.0;10
1.0;10
1.0;8
1.0;8
1.0;12
1.0;12
1.0;8
1.0;8
1.0;10
1.0;10
1.0;8
1.0;8
1.0;9
1.0;9
1.0;10
1.0;10
1.0;10
1.0;10
1.0;10
1.0;10
1.0;10
1.0;10
1.0;10
1.0;10
1.0;8
1.0;8
1.0;14
1.0;14
1.0;8
1.0;8
1.0;8
1.0;8
1.0;8
1.0;8
1.0;10
1.0;10
1.0;9
1.0;9
1.0;10
1.0;10
1.0;14
1.0;14
1.0;8
1.0;8
1.0;12
1.0;12
1.0;8
1.0;8
1.0;8
1.0;8
1.0;11
1.0;11
1.0;8
1.0;8
1.0;8
1.0;8
1.0;8
1.0;8
1.0;8
1.0;8
1.0;10
1.0;10
1.0;8
1.0;8
1.0;10
1.0;10
1.0;8
1.0;8
1.0;10
1.0;10
1.0;8
1.0;8
1.0;8
1.0;8
1.0;8
1.0;8
1.0;8
1.0;8
1.0;8
1.0;8
1.0;8
1.0;8
1.0;38
1.0;38
1.0;8
1.0;8
1.0;8
1.0;8
1.0;8
1.0;8
1.0;10
1.0;10
1.0;8
1.0;8
1.0;10
1.0;10
1.0;8
1.0;8
1.0;10
1.0;10
1.0;101
1.0;101
1.0;8
1.0;8
1.0;8
1.0;8
1.0;8
1.0;8
1.0;8
1.0;8
1.0;8
1.0;8
1.0;8
1.0;8
1.0;10
1.0;10
1.0;8
1.0;8
1.0;8
1.0;8
1.0;14
1.0;14
1.0;9
1.0;9
1.0;8
1.0;8
1.0;10
1.0;10
1.0;10
1.0;10
1.0;12
1.0;12
1.0;10
1.0;10
1.0;8
1.0;8
1.0;8
1.0;8
1.0;10
1.0;10
1.0;8
1.0;8
1.0;8
1.0;8
1.0;8
1.0;8
1.0;8
1.0;8
1.0;8
1.0;8
1.0;10
1.0;10
1.0;10
1.0;10
1.0;8
1.0;8
1.0;8
1.0;8
1.0;8
1.0;8
1.0;8
1.0;8
1.0;10
1.0;10
1.0;10
1.0;10
1.0;10
1.0;10
1.0;8
1.0;8
1.0;10
1.0;10
1.0;8
1.0;8
1.0;8
1.0;8
1.0;12
1.0;12
1.0;8
1.0;8
1.0;10
1.0;10
1.0;10
1.0;10
1.0;8
1.0;8
1.0;10
1.0;10
1.0;8
1.0;8
1.0;8
1.0;8
1.0;8
1.0;8
1.0;10
1.0;10
1.0;8
1.0;8
1.0;8
1.0;8
1.0;310
1.0;310
1.0;8
1.0;8
1.0;8
1.0;8
1.0;8
1.0;8
1.0;8
1.0;8
1.0;8
1.0;8
1.0;10
1.0;10
1.0;14
1.0;14
1.0;10
1.0;10
1.0;8
1.0;8
1.0;8
1.0;8
1.0;10
1.0;10
1.0;8
1.0;8
1.0;12
1.0;12
1.0;10
1.0;10
1.0;8
1.0;8
1.0;12
1.0;12
1.0;8
1.0;8
1.0;8
1.0;8
1.0;8
1.0;8
1.0;8
1.0;8
1.0;8
1.0;8
1.0;8
1.0;8
1.0;8
1.0;8
1.0;8
1.0;8
1.0;12
1.0;12
1.0;8
1.0;8
1.0;8
1.0;8
1.0;8
1.0;8
1.0;8
1.0;8
1.0;8
1.0;8
1.0;10
1.0;10
1.0;10
1.0;10
1.0;10
1.0;10
1.0;12
1.0;12
1.0;14
1.0;14
1.0;8
1.0;8
1.0;10
1.0;10
1.0;12
1.0;12
1.0;8
1.0;8
1.0;10
1.0;10
1.0;10
1.0;10
1.0;8
1.0;8
1.0;10
1.0;10
1.0;8
1.0;8
1.0;10
1.0;10
1.0;8
1.0;8
1.0;8
1.0;8
1.0;8
1.0;8
1.0;10
1.0;10
1.0;8
1.0;8
1.0;12
1.0;12
1.0;10
1.0;10
1.0;8
1.0;8
1.0;9
1.0;9
1.0;10
1.0;10
1.0;8
1.0;8
1.0;8
1.0;8
1.0;10
1.0;10
1.0;8
1.0;8
1.0;10
1.0;10
1.0;12
1.0;12
1.0;8
1.0;8
1.0;118
1.0;118
1.0;8
1.0;8
1.0;10
1.0;10
1.0;8
1.0;8
1.0;10
1.0;10
1.0;8
1.0;8
1.0;8
1.0;8
1.0;10
1.0;10
1.0;8
1.0;8
1.0;8
1.0;8
1.0;10
1.0;10
1.0;8
1.0;8
1.0;8
1.0;8
1.0;8
1.0;8
1.0;8
1.0;8
1.0;8
1.0;8
1.0;10
1.0;10
1.0;8
1.0;8
1.0;8
1.0;8
1.0;8
1.0;8
1.0;12
1.0;12
1.0;8
1.0;8
1.0;8
1.0;8
1.0;8
1.0;8
1.0;419
1.0;419
1.0;8
1.0;8
1.0;10
1.0;10
1.0;10
1.0;10
1.0;8
1.0;8
1.0;8
1.0;8
1.0;8
1.0;8
1.0;14
1.0;14
1.0;8
1.0;8
1.0;10
1.0;10
1.0;9
1.0;9
1.0;8
1.0;8
1.0;8
1.0;8
1.0;8
1.0;8
1.0;8
1.0;8
1.0;8
1.0;8
1.0;8
1.0;8
1.0;8
1.0;8
1.0;8
1.0;8
1.0;20
1.0;20
1.0;10
1.0;10
1.0;8
1.0;8
1.0;8
1.0;8
1.0;8
1.0;8
1.0;8
1.0;8
1.0;8
1.0;8
1.0;8
1.0;8
1.0;8
1.0;8
1.0;8
1.0;8
1.0;14
1.0;14
1.0;10
1.0;10
1.0;8
1.0;8
1.0;8
1.0;8
1.0;8
1.0;8
1.0;12
1.0;12
1.0;8
1.0;8
1.0;10
1.0;10
1.0;14
1.0;14
1.0;10
1.0;10
1.0;8
1.0;8
1.0;12
1.0;12
1.0;10
1.0;10
1.0;16
1.0;16
1.0;10
1.0;10
1.0;8
1.0;8
1.0;8
1.0;8
1.0;10
1.0;10
1.0;8
1.0;8
0.0;88
0.0;88
1.0;10
1.0;10
1.0;8
1.0;8
1.0;8
1.0;8
1.0;8
1.0;8
1.0;10
1.0;10
1.0;8
1.0;8
1.0;8
1.0;8
1.0;8
1.0;8
1.0;10
1.0;10
1.0;8
1.0;8
1.0;10
1.0;10
1.0;8
1.0;8
1.0;8
1.0;8
1.0;8
1.0;8
1.0;10
1.0;10
1.0;8
1.0;8
1.0;10
1.0;10
1.0;8
1.0;8
1.0;18
1.0;18
1.0;8
1.0;8
1.0;12
1.0;12
1.0;8
1.0;8
1.0;8
1.0;8
1.0;10
1.0;10
1.0;8
1.0;8
1.0;10
1.0;10
1.0;8
1.0;8
1.0;10
1.0;10
1.0;12
1.0;12
1.0;10
1.0;10
1.0;8
1.0;8
1.0;12
1.0;12
1.0;8
1.0;8
1.0;14
1.0;14
1.0;10
1.0;10
1.0;10
1.0;10
1.0;8
1.0;8
1.0;8
1.0;8
1.0;10
1.0;10
1.0;11
1.0;11
1.0;8
1.0;8
1.0;10
1.0;10
1.0;8
1.0;8
1.0;12
1.0;12
1.0;8
1.0;8
1.0;8
1.0;8
1.0;10
1.0;10
1.0;11
1.0;11
1.0;8
1.0;8
1.0;8
1.0;8
1.0;8
1.0;8
1.0;8
1.0;8
1.0;10
1.0;10
1.0;8
1.0;8
1.0;8
1.0;8
1.0;8
1.0;8
1.0;8
1.0;8
1.0;8
1.0;8
1.0;12
1.0;12
1.0;8
1.0;8
1.0;8
1.0;8
1.0;10
1.0;10
1.0;10
1.0;10
1.0;8
1.0;8
1.0;8
1.0;8
1.0;8
1.0;8
1.0;8
1.0;8
1.0;12
1.0;12
1.0;8
1.0;8
1.0;10
1.0;10
1.0;8
1.0;8
1.0;8
1.0;8
1.0;8
1.0;8
1.0;10
1.0;10
1.0;8
1.0;8
1.0;10
1.0;10
1.0;12
1.0;12
1.0;8
1.0;8
1.0;8
1.0;8
1.0;8
1.0;8
1.0;8
1.0;8
1.0;8
1.0;8
1.0;8
1.0;8
1.0;8
1.0;8
