1.0;37
1.0;252
1.0;252
1.0;76
1.0;76
1.0;5
1.0;5
1.0;3
1.0;3
0.0;500
0.0;500
1.0;3
1.0;3
1.0;3
1.0;3
1.0;3
1.0;3
1.0;25
1.0;25
1.0;3
1.0;3
1.0;18
1.0;18
1.0;3
1.0;3
1.0;3
1.0;3
1.0;3
1.0;3
1.0;3
1.0;3
1.0;3
1.0;3
1.0;3
1.0;3
1.0;3
1.0;3
1.0;3
1.0;3
1.0;3
1.0;3
1.0;3
1.0;3
1.0;3
1.0;3
1.0;11
1.0;11
1.0;3
1.0;3
1.0;13
1.0;13
1.0;3
1.0;3
1.0;3
1.0;3
1.0;3
1.0;3
1.0;3
1.0;3
1.0;3
1.0;3
1.0;3
1.0;3
1.0;3
1.0;3
1.0;3
1.0;3
1.0;3
1.0;3
1.0;3
1.0;3
1.0;3
1.0;3
1.0;3
1.0;3
1.0;12
1.0;12
1.0;3
1.0;3
1.0;3
1.0;3
1.0;5
1.0;5
1.0;3
1.0;3
1.0;3
1.0;3
1.0;62
1.0;62
1.0;13
1.0;13
1.0;40
1.0;40
1.0;3
1.0;3
1.0;9
1.0;9
1.0;9
1.0;9
1.0;29
1.0;29
1.0;178
1.0;178
1.0;3
1.0;3
1.0;106
1.0;106
1.0;80
1.0;80
1.0;18
1.0;18
1.0;54
1.0;54
1.0;5
1.0;5
1.0;22
1.0;22
0.0;500
0.0;500
1.0;112
1.0;112
1.0;5
1.0;5
1.0;69
1.0;69
1.0;7
1.0;7
1.0;122
1.0;122
1.0;17
1.0;17
1.0;410
1.0;410
1.0;5
1.0;5
1.0;52
1.0;52
1.0;6
1.0;6
1.0;7
1.0;7
1.0;446
1.0;446
1.0;7
1.0;7
1.0;16
1.0;16
1.0;27
1.0;27
1.0;69
1.0;69
1.0;33
1.0;33
1.0;114
1.0;114
1.0;85
1.0;85
1.0;29
1.0;29
1.0;83
1.0;83
1.0;3
1.0;3
1.0;5
1.0;5
1.0;5
1.0;5
1.0;20
1.0;20
1.0;18
1.0;18
1.0;64
1.0;64
1.0;11
1.0;11
1.0;81
1.0;81
1.0;7
1.0;7
1.0;290
1.0;290
1.0;11
1.0;11
1.0;145
1.0;145
1.0;3
1.0;3
1.0;13
1.0;13
1.0;18
1.0;18
1.0;18
1.0;18
1.0;7
1.0;7
1.0;11
1.0;11
1.0;11
1.0;11
1.0;72
1.0;72
1.0;5
1.0;5
1.0;46
1.0;46
1.0;7
1.0;7
1.0;3
1.0;3
1.0;272
1.0;272
1.0;10
1.0;10
1.0;3
1.0;3
1.0;124
1.0;124
1.0;26
1.0;26
1.0;7
1.0;7
1.0;12
1.0;12
1.0;5
1.0;5
0.0;500
0.0;500
1.0;11
1.0;11
1.0;3
1.0;3
1.0;3
1.0;3
1.0;3
1.0;3
1.0;14
1.0;14
1.0;11
1.0;11
1.0;12
1.0;12
1.0;48
1.0;48
1.0;5
1.0;5
1.0;192
1.0;192
1.0;5
1.0;5
1.0;36
1.0;36
1.0;8
1.0;8
1.0;3
1.0;3
1.0;67
1.0;67
1.0;3
1.0;3
1.0;19
1.0;19
1.0;3
1.0;3
1.0;10
1.0;10
1.0;22
1.0;22
1.0;3
1.0;3
1.0;7
1.0;7
1.0;3
1.0;3
1.0;64
1.0;64
1.0;3
1.0;3
1.0;3
1.0;3
1.0;114
1.0;114
1.0;106
1.0;106
1.0;3
1.0;3
1.0;3
1.0;3
1.0;5
1.0;5
1.0;5
1.0;5
1.0;12
1.0;12
1.0;5
1.0;5
1.0;6
1.0;6
1.0;3
1.0;3
1.0;3
1.0;3
1.0;3
1.0;3
1.0;5
1.0;5
1.0;36
1.0;36
1.0;19
1.0;19
1.0;12
1.0;12
1.0;3
1.0;3
1.0;3
1.0;3
1.0;3
1.0;3
1.0;3
1.0;3
1.0;3
1.0;3
1.0;3
1.0;3
1.0;157
1.0;157
1.0;7
1.0;7
1.0;7
1.0;7
1.0;3
1.0;3
1.0;3
1.0;3
1.0;16
1.0;16
1.0;5
1.0;5
1.0;3
1.0;3
1.0;3
1.0;3
1.0;3
1.0;3
1.0;3
1.0;3
1.0;5
1.0;5
1.0;3
1.0;3
1.0;3
1.0;3
1.0;3
1.0;3
1.0;3
1.0;3
1.0;3
1.0;3
1.0;3
1.0;3
1.0;3
1.0;3
1.0;3
1.0;3
1.0;3
1.0;3
1.0;3
1.0;3
1.0;3
1.0;3
1.0;3
1.0;3
1.0;3
1.0;3
1.0;11
1.0;11
1.0;5
1.0;5
1.0;3
1.0;3
1.0;3
1.0;3
1.0;3
1.0;3
1.0;3
1.0;3
1.0;3
1.0;3
1.0;3
1.0;3
1.0;6
1.0;6
1.0;5
1.0;5
1.0;3
1.0;3
1.0;3
1.0;3
1.0;3
1.0;3
1.0;3
1.0;3
1.0;3
1.0;3
1.0;3
1.0;3
1.0;3
1.0;3
1.0;3
1.0;3
1.0;11
1.0;11
1.0;3
1.0;3
1.0;3
1.0;3
1.0;3
1.0;3
1.0;7
1.0;7
1.0;3
1.0;3
1.0;3
1.0;3
1.0;3
1.0;3
1.0;3
1.0;3
1.0;3
1.0;3
1.0;3
1.0;3
1.0;3
1.0;3
1.0;3
1.0;3
1.0;3
1.0;3
1.0;3
1.0;3
1.0;5
1.0;5
1.0;3
1.0;3
1.0;3
1.0;3
1.0;3
1.0;3
1.0;3
1.0;3
1.0;3
1.0;3
1.0;3
1.0;3
1.0;5
1.0;5
1.0;3
1.0;3
1.0;3
1.0;3
1.0;3
1.0;3
1.0;3
1.0;3
1.0;3
1.0;3
1.0;3
1.0;3
1.0;5
1.0;5
1.0;3
1.0;3
1.0;3
1.0;3
1.0;3
1.0;3
1.0;3
1.0;3
1.0;3
1.0;3
1.0;3
1.0;3
1.0;3
1.0;3
1.0;3
1.0;3
1.0;3
1.0;3
1.0;3
1.0;3
1.0;3
1.0;3
1.0;3
1.0;3
1.0;3
1.0;3
1.0;3
1.0;3
1.0;3
1.0;3
1.0;3
1.0;3
1.0;3
1.0;3
1.0;3
1.0;3
1.0;3
1.0;3
1.0;5
1.0;5
1.0;3
1.0;3
1.0;3
1.0;3
1.0;3
1.0;3
1.0;3
1.0;3
1.0;3
1.0;3
1.0;3
1.0;3
1.0;3
1.0;3
1.0;3
1.0;3
1.0;3
1.0;3
1.0;3
1.0;3
1.0;3
1.0;3
1.0;86
1.0;86
1.0;3
1.0;3
1.0;3
1.0;3
1.0;3
1.0;3
1.0;3
1.0;3
1.0;3
1.0;3
1.0;3
1.0;3
1.0;3
1.0;3
1.0;3
1.0;3
1.0;3
1.0;3
1.0;3
1.0;3
1.0;3
1.0;3
1.0;3
1.0;3
1.0;8
1.0;8
1.0;7
1.0;7
1.0;3
1.0;3
1.0;5
1.0;5
1.0;3
1.0;3
1.0;3
1.0;3
1.0;3
1.0;3
1.0;3
1.0;3
1.0;3
1.0;3
1.0;3
1.0;3
1.0;3
1.0;3
1.0;3
1.0;3
1.0;3
1.0;3
1.0;3
1.0;3
1.0;3
1.0;3
1.0;5
1.0;5
1.0;3
1.0;3
1.0;47
1.0;47
1.0;18
1.0;18
1.0;3
1.0;3
1.0;3
1.0;3
1.0;5
1.0;5
1.0;3
1.0;3
1.0;3
1.0;3
1.0;3
1.0;3
1.0;3
1.0;3
1.0;3
1.0;3
1.0;3
1.0;3
1.0;9
1.0;9
1.0;68
1.0;68
1.0;7
1.0;7
1.0;12
1.0;12
1.0;3
1.0;3
1.0;174
1.0;174
1.0;3
1.0;3
1.0;3
1.0;3
1.0;20
1.0;20
1.0;3
1.0;3
1.0;24
1.0;24
1.0;3
1.0;3
1.0;3
1.0;3
1.0;3
1.0;3
1.0;3
1.0;3
1.0;3
1.0;3
1.0;5
1.0;5
1.0;5
1.0;5
1.0;3
1.0;3
1.0;3
1.0;3
1.0;3
1.0;3
1.0;18
1.0;18
1.0;3
1.0;3
1.0;3
1.0;3
1.0;3
1.0;3
1.0;5
1.0;5
1.0;5
1.0;5
1.0;10
1.0;10
1.0;3
1.0;3
1.0;3
1.0;3
1.0;3
1.0;3
1.0;3
1.0;3
1.0;3
1.0;3
1.0;5
1.0;5
1.0;3
1.0;3
1.0;3
1.0;3
1.0;5
1.0;5
1.0;3
1.0;3
1.0;3
1.0;3
1.0;17
1.0;17
1.0;3
1.0;3
1.0;3
1.0;3
1.0;3
1.0;3
1.0;3
1.0;3
1.0;7
1.0;7
1.0;3
1.0;3
1.0;7
1.0;7
1.0;3
1.0;3
1.0;3
1.0;3
1.0;3
1.0;3
1.0;3
1.0;3
1.0;3
1.0;3
1.0;3
1.0;3
1.0;3
1.0;3
1.0;3
1.0;3
1.0;5
1.0;5
1.0;3
1.0;3
1.0;3
1.0;3
1.0;3
1.0;3
1.0;3
1.0;3
1.0;3
1.0;3
1.0;3
1.0;3
1.0;5
1.0;5
1.0;90
1.0;90
1.0;3
1.0;3
1.0;9
1.0;9
1.0;5
1.0;5
1.0;7
1.0;7
1.0;5
1.0;5
1.0;3
1.0;3
1.0;5
1.0;5
1.0;3
1.0;3
1.0;3
1.0;3
1.0;7
1.0;7
1.0;3
1.0;3
1.0;3
1.0;3
1.0;3
1.0;3
1.0;3
1.0;3
1.0;3
1.0;3
1.0;3
1.0;3
1.0;5
1.0;5
1.0;3
1.0;3
1.0;3
1.0;3
1.0;3
1.0;3
1.0;3
1.0;3
1.0;3
1.0;3
1.0;3
1.0;3
1.0;5
1.0;5
1.0;5
1.0;5
1.0;10
1.0;10
1.0;3
1.0;3
1.0;3
1.0;3
1.0;5
1.0;5
1.0;3
1.0;3
1.0;3
1.0;3
1.0;3
1.0;3
1.0;3
1.0;3
1.0;3
1.0;3
1.0;19
1.0;19
1.0;5
1.0;5
1.0;5
1.0;5
1.0;3
1.0;3
1.0;5
1.0;5
1.0;3
1.0;3
1.0;5
1.0;5
1.0;5
1.0;5
1.0;3
1.0;3
1.0;16
1.0;16
1.0;3
1.0;3
1.0;3
1.0;3
1.0;3
1.0;3
1.0;3
1.0;3
1.0;3
1.0;3
1.0;3
1.0;3
1.0;3
1.0;3
1.0;349
1.0;349
1.0;3
1.0;3
1.0;3
1.0;3
1.0;3
1.0;3
1.0;3
1.0;3
1.0;3
1.0;3
1.0;3
1.0;3
1.0;3
1.0;3
1.0;3
1.0;3
1.0;5
1.0;5
1.0;3
1.0;3
1.0;3
1.0;3
1.0;3
1.0;3
1.0;3
1.0;3
1.0;3
1.0;3
1.0;3
1.0;3
1.0;7
1.0;7
1.0;5
1.0;5
1.0;9
1.0;9
1.0;5
1.0;5
1.0;11
1.0;11
1.0;3
1.0;3
1.0;3
1.0;3
1.0;7
1.0;7
1.0;11
1.0;11
1.0;3
1.0;3
1.0;3
1.0;3
1.0;3
1.0;3
1.0;34
1.0;34
1.0;3
1.0;3
1.0;3
1.0;3
1.0;3
1.0;3
1.0;3
1.0;3
1.0;3
1.0;3
1.0;3
1.0;3
1.0;3
1.0;3
1.0;3
1.0;3
1.0;3
1.0;3
1.0;3
1.0;3
1.0;3
1.0;3
1.0;3
1.0;3
1.0;3
1.0;3
1.0;10
1.0;10
1.0;3
1.0;3
1.0;3
1.0;3
1.0;3
1.0;3
1.0;3
1.0;3
1.0;3
1.0;3
1.0;74
1.0;74
1.0;6
1.0;6
1.0;3
1.0;3
1.0;3
1.0;3
1.0;3
1.0;3
1.0;3
1.0;3
1.0;3
1.0;3
1.0;3
1.0;3
1.0;3
1.0;3
1.0;3
1.0;3
1.0;62
1.0;62
1.0;3
1.0;3
1.0;3
1.0;3
1.0;3
1.0;3
1.0;3
1.0;3
1.0;3
1.0;3
1.0;3
1.0;3
1.0;3
1.0;3
1.0;5
1.0;5
1.0;3
1.0;3
1.0;3
1.0;3
1.0;3
1.0;3
1.0;3
1.0;3
1.0;3
1.0;3
1.0;3
1.0;3
1.0;3
1.0;3
1.0;3
1.0;3
1.0;3
1.0;3
1.0;3
1.0;3
1.0;3
1.0;3
1.0;3
1.0;3
1.0;3
1.0;3
1.0;3
1.0;3
1.0;3
1.0;3
1.0;3
1.0;3
1.0;3
1.0;3
1.0;3
1.0;3
1.0;7
1.0;7
1.0;3
1.0;3
1.0;5
1.0;5
1.0;3
1.0;3
1.0;3
1.0;3
1.0;8
1.0;8
1.0;3
1.0;3
1.0;5
1.0;5
1.0;3
1.0;3
1.0;3
1.0;3
1.0;3
1.0;3
1.0;3
1.0;3
1.0;3
1.0;3
1.0;3
1.0;3
1.0;3
1.0;3
1.0;3
1.0;3
1.0;3
1.0;3
1.0;3
1.0;3
1.0;3
1.0;3
1.0;3
1.0;3
1.0;3
1.0;3
1.0;3
1.0;3
1.0;3
1.0;3
1.0;5
1.0;5
1.0;3
1.0;3
1.0;3
1.0;3
1.0;3
1.0;3
1.0;5
1.0;5
1.0;3
1.0;3
1.0;3
1.0;3
1.0;3
1.0;3
1.0;3
1.0;3
1.0;3
1.0;3
1.0;3
1.0;3
1.0;3
1.0;3
1.0;3
1.0;3
1.0;3
1.0;3
1.0;3
1.0;3
1.0;3
1.0;3
1.0;7
1.0;7
1.0;3
1.0;3
1.0;3
1.0;3
1.0;3
1.0;3
1.0;5
1.0;5
1.0;3
1.0;3
1.0;3
1.0;3
1.0;10
1.0;10
1.0;3
1.0;3
1.0;3
1.0;3
1.0;3
1.0;3
1.0;3
1.0;3
1.0;3
1.0;3
1.0;3
1.0;3
1.0;5
1.0;5
1.0;3
1.0;3
1.0;5
1.0;5
1.0;5
1.0;5
1.0;3
1.0;3
1.0;3
1.0;3
1.0;3
1.0;3
1.0;5
1.0;5
1.0;20
1.0;20
1.0;19
1.0;19
1.0;3
1.0;3
1.0;3
1.0;3
1.0;3
1.0;3
1.0;3
1.0;3
1.0;3
1.0;3
1.0;3
1.0;3
1.0;3
1.0;3
1.0;3
1.0;3
1.0;3
1.0;3
1.0;3
1.0;3
1.0;3
1.0;3
1.0;3
1.0;3
1.0;3
1.0;3
1.0;3
1.0;3
1.0;3
1.0;3
1.0;3
1.0;3
1.0;3
1.0;3
1.0;3
1.0;3
1.0;3
1.0;3
1.0;3
1.0;3
1.0;3
1.0;3
1.0;3
1.0;3
1.0;3
1.0;3
1.0;3
1.0;3
1.0;5
1.0;5
1.0;3
1.0;3
1.0;3
1.0;3
1.0;3
1.0;3
1.0;3
1.0;3
1.0;3
1.0;3
1.0;3
1.0;3
1.0;3
1.0;3
1.0;3
1.0;3
1.0;3
1.0;3
1.0;3
1.0;3
1.0;3
1.0;3
1.0;5
1.0;5
1.0;3
1.0;3
1.0;7
1.0;7
1.0;3
1.0;3
1.0;3
1.0;3
1.0;3
1.0;3
1.0;3
1.0;3
1.0;3
1.0;3
1.0;12
1.0;12
1.0;3
1.0;3
1.0;5
1.0;5
1.0;7
1.0;7
1.0;3
1.0;3
1.0;3
1.0;3
1.0;3
1.0;3
1.0;3
1.0;3
1.0;5
1.0;5
1.0;3
1.0;3
1.0;3
1.0;3
1.0;3
1.0;3
1.0;3
1.0;3
1.0;3
1.0;3
1.0;5
1.0;5
1.0;3
1.0;3
1.0;5
1.0;5
1.0;3
1.0;3
1.0;3
1.0;3
1.0;3
1.0;3
1.0;3
1.0;3
1.0;3
1.0;3
1.0;3
1.0;3
1.0;3
1.0;3
1.0;3
1.0;3
1.0;3
1.0;3
1.0;3
1.0;3
1.0;3
1.0;3
1.0;3
1.0;3
1.0;7
1.0;7
1.0;3
1.0;3
1.0;3
1.0;3
1.0;3
1.0;3
1.0;3
1.0;3
1.0;3
1.0;3
1.0;3
1.0;3
1.0;3
1.0;3
1.0;5
1.0;5
1.0;3
1.0;3
1.0;3
1.0;3
1.0;3
1.0;3
1.0;3
1.0;3
1.0;3
1.0;3
1.0;3
1.0;3
1.0;3
1.0;3
1.0;3
1.0;3
1.0;3
1.0;3
1.0;3
1.0;3
1.0;3
1.0;3
1.0;3
1.0;3
1.0;3
1.0;3
1.0;3
1.0;3
1.0;3
1.0;3
1.0;3
1.0;3
1.0;3
1.0;3
1.0;5
1.0;5
1.0;5
1.0;5
0.0;191
0.0;191
1.0;5
1.0;5
1.0;3
1.0;3
1.0;3
1.0;3
1.0;3
1.0;3
1.0;3
1.0;3
1.0;3
1.0;3
1.0;3
1.0;3
1.0;5
1.0;5
1.0;3
1.0;3
1.0;3
1.0;3
1.0;3
1.0;3
1.0;3
1.0;3
1.0;3
1.0;3
1.0;3
1.0;3
1.0;3
1.0;3
1.0;3
1.0;3
1.0;5
1.0;5
1.0;3
1.0;3
1.0;3
1.0;3
1.0;3
1.0;3
1.0;3
1.0;3
1.0;3
1.0;3
1.0;5
1.0;5
1.0;3
1.0;3
1.0;3
1.0;3
1.0;3
1.0;3
1.0;3
1.0;3
1.0;5
1.0;5
1.0;3
1.0;3
1.0;5
1.0;5
1.0;3
1.0;3
1.0;3
1.0;3
1.0;3
1.0;3
1.0;3
1.0;3
1.0;5
1.0;5
1.0;3
1.0;3
1.0;3
1.0;3
1.0;3
1.0;3
1.0;3
1.0;3
1.0;3
1.0;3
1.0;7
1.0;7
1.0;5
1.0;5
1.0;5
1.0;5
1.0;3
1.0;3
1.0;3
1.0;3
1.0;3
1.0;3
1.0;3
1.0;3
1.0;5
1.0;5
1.0;3
1.0;3
1.0;5
1.0;5
1.0;3
1.0;3
1.0;3
1.0;3
1.0;3
1.0;3
1.0;3
1.0;3
1.0;5
1.0;5
1.0;3
1.0;3
1.0;3
1.0;3
1.0;3
1.0;3
1.0;5
1.0;5
1.0;3
1.0;3
1.0;3
1.0;3
1.0;3
1.0;3
1.0;5
1.0;5
1.0;5
1.0;5
1.0;3
1.0;3
1.0;5
1.0;5
1.0;5
1.0;5
1.0;3
1.0;3
1.0;3
1.0;3
1.0;3
1.0;3
1.0;3
1.0;3
1.0;3
1.0;3
1.0;3
1.0;3
1.0;3
1.0;3
1.0;5
1.0;5
1.0;3
1.0;3
1.0;3
1.0;3
1.0;3
1.0;3
1.0;7
1.0;7
1.0;3
1.0;3
1.0;3
1.0;3
1.0;3
1.0;3
1.0;3
1.0;3
1.0;3
1.0;3
1.0;3
1.0;3
1.0;3
1.0;3
1.0;3
1.0;3
1.0;3
1.0;3
1.0;3
1.0;3
1.0;3
1.0;3
1.0;7
1.0;7
1.0;3
1.0;3
1.0;3
1.0;3
1.0;7
1.0;7
1.0;3
1.0;3
1.0;5
1.0;5
1.0;3
1.0;3
1.0;3
1.0;3
1.0;3
1.0;3
1.0;3
1.0;3
1.0;3
1.0;3
1.0;5
1.0;5
1.0;3
1.0;3
1.0;3
1.0;3
1.0;3
1.0;3
1.0;3
1.0;3
1.0;3
1.0;3
1.0;3
1.0;3
1.0;3
1.0;3
1.0;5
1.0;5
1.0;3
1.0;3
1.0;3
1.0;3
1.0;3
1.0;3
1.0;3
1.0;3
1.0;3
1.0;3
1.0;3
1.0;3
1.0;3
1.0;3
1.0;3
1.0;3
1.0;3
1.0;3
1.0;3
1.0;3
1.0;3
1.0;3
1.0;3
1.0;3
1.0;3
1.0;3
1.0;3
1.0;3
1.0;3
1.0;3
1.0;3
1.0;3
1.0;7
1.0;7
1.0;7
1.0;7
1.0;3
1.0;3
1.0;3
1.0;3
1.0;3
1.0;3
1.0;3
1.0;3
1.0;3
1.0;3
1.0;3
1.0;3
1.0;3
1.0;3
1.0;3
1.0;3
1.0;3
1.0;3
1.0;5
1.0;5
1.0;3
1.0;3
1.0;3
1.0;3
1.0;3
1.0;3
1.0;3
1.0;3
1.0;7
1.0;7
1.0;5
1.0;5
1.0;7
1.0;7
1.0;3
1.0;3
1.0;3
1.0;3
1.0;3
1.0;3
1.0;3
1.0;3
1.0;5
1.0;5
1.0;5
1.0;5
1.0;3
1.0;3
1.0;9
1.0;9
1.0;5
1.0;5
1.0;5
1.0;5
1.0;3
1.0;3
1.0;7
1.0;7
1.0;3
1.0;3
1.0;7
1.0;7
1.0;3
1.0;3
1.0;3
1.0;3
1.0;3
1.0;3
1.0;3
1.0;3
1.0;5
1.0;5
1.0;3
1.0;3
1.0;3
1.0;3
1.0;3
1.0;3
1.0;3
1.0;3
1.0;3
1.0;3
1.0;3
1.0;3
1.0;3
1.0;3
1.0;3
1.0;3
1.0;3
1.0;3
1.0;3
1.0;3
1.0;3
1.0;3
1.0;3
1.0;3
1.0;3
1.0;3
1.0;3
1.0;3
1.0;3
1.0;3
1.0;3
1.0;3
1.0;3
1.0;3
1.0;3
1.0;3
1.0;3
1.0;3
1.0;3
1.0;3
1.0;5
1.0;5
1.0;3
1.0;3
1.0;3
1.0;3
1.0;3
1.0;3
1.0;3
1.0;3
1.0;3
1.0;3
1.0;3
1.0;3
1.0;3
1.0;3
1.0;3
1.0;3
1.0;3
1.0;3
1.0;5
1.0;5
1.0;3
1.0;3
1.0;3
1.0;3
1.0;3
1.0;3
1.0;3
1.0;3
1.0;3
1.0;3
1.0;3
1.0;3
1.0;5
1.0;5
1.0;9
1.0;9
1.0;3
1.0;3
1.0;3
1.0;3
1.0;3
1.0;3
1.0;3
1.0;3
1.0;3
1.0;3
1.0;7
1.0;7
1.0;3
1.0;3
1.0;3
1.0;3
1.0;3
1.0;3
1.0;3
1.0;3
1.0;3
1.0;3
1.0;3
1.0;3
1.0;7
1.0;7
1.0;3
1.0;3
1.0;3
1.0;3
1.0;3
1.0;3
1.0;5
1.0;5
1.0;3
1.0;3
1.0;3
1.0;3
1.0;3
1.0;3
1.0;3
1.0;3
1.0;3
1.0;3
1.0;3
1.0;3
1.0;3
1.0;3
1.0;3
1.0;3
1.0;3
1.0;3
1.0;3
1.0;3
1.0;5
1.0;5
1.0;3
1.0;3
1.0;3
1.0;3
1.0;7
1.0;7
1.0;3
1.0;3
1.0;3
1.0;3
1.0;3
1.0;3
1.0;3
1.0;3
1.0;5
1.0;5
1.0;3
1.0;3
1.0;8
1.0;8
1.0;5
1.0;5
1.0;3
1.0;3
1.0;3
1.0;3
1.0;3
1.0;3
1.0;3
1.0;3
1.0;5
1.0;5
1.0;3
1.0;3
1.0;6
1.0;6
1.0;7
1.0;7
1.0;3
1.0;3
1.0;5
1.0;5
1.0;3
1.0;3
1.0;3
1.0;3
1.0;3
1.0;3
1.0;3
1.0;3
1.0;3
1.0;3
1.0;5
1.0;5
1.0;3
1.0;3
1.0;3
1.0;3
1.0;7
1.0;7
1.0;3
1.0;3
1.0;3
1.0;3
1.0;3
1.0;3
1.0;3
1.0;3
1.0;5
1.0;5
1.0;3
1.0;3
1.0;3
1.0;3
1.0;3
1.0;3
1.0;3
1.0;3
1.0;5
1.0;5
1.0;3
1.0;3
1.0;3
1.0;3
1.0;3
1.0;3
1.0;3
1.0;3
1.0;3
1.0;3
1.0;3
1.0;3
1.0;3
1.0;3
1.0;5
1.0;5
1.0;3
1.0;3
1.0;3
1.0;3
1.0;49
1.0;49
1.0;3
1.0;3
1.0;5
1.0;5
1.0;5
1.0;5
1.0;3
1.0;3
1.0;3
1.0;3
1.0;3
1.0;3
1.0;3
1.0;3
1.0;5
1.0;5
1.0;3
1.0;3
1.0;3
1.0;3
1.0;3
1.0;3
1.0;3
1.0;3
1.0;3
1.0;3
1.0;3
1.0;3
1.0;3
1.0;3
1.0;3
1.0;3
1.0;3
1.0;3
1.0;5
1.0;5
1.0;3
1.0;3
1.0;5
1.0;5
1.0;3
1.0;3
1.0;3
1.0;3
1.0;5
1.0;5
1.0;5
1.0;5
1.0;5
1.0;5
1.0;30
1.0;30
1.0;3
1.0;3
1.0;7
1.0;7
1.0;3
1.0;3
1.0;3
1.0;3
1.0;3
1.0;3
1.0;3
1.0;3
1.0;5
1.0;5
1.0;3
1.0;3
1.0;3
1.0;3
1.0;3
1.0;3
1.0;3
1.0;3
1.0;3
1.0;3
1.0;3
1.0;3
1.0;3
1.0;3
1.0;3
1.0;3
1.0;3
1.0;3
1.0;3
1.0;3
1.0;3
1.0;3
1.0;3
1.0;3
1.0;3
1.0;3
