0.0;1.0
0.0;1.0
0.0;4.0
0.0;1.0
0.0;42.0
0.0;1.0
0.0;2.0
0.0;1.0
0.0;2.0
0.0;1.0
0.0;1.0
0.0;1.0
0.0;10.0
0.0;1.0
1.0;31.0
0.0;215.0
0.0;1.0
0.0;9.0
0.0;1.0
0.0;1.0
0.0;3.0
0.0;3.0
0.0;1.0
0.0;3.0
0.0;1.0
0.0;1.0
0.0;1.0
0.0;1.0
0.0;500.0
0.0;500.0
0.0;500.0
0.0;1.0
0.0;1.0
0.0;500.0
0.0;500.0
1.0;115.0
0.0;1.0
0.0;1.0
0.0;21.0
0.0;1.0
0.0;1.0
0.0;1.0
0.0;500.0
0.0;500.0
0.0;1.0
0.0;58.0
0.0;1.0
0.0;21.0
1.0;72.0
0.0;94.0
0.0;340.0
1.0;210.0
0.0;9.0
0.0;500.0
0.0;500.0
0.0;500.0
0.0;500.0
0.0;500.0
0.0;500.0
0.0;500.0
0.0;500.0
0.0;500.0
0.0;500.0
0.0;500.0
0.0;500.0
0.0;500.0
1.0;437.0
0.0;500.0
0.0;500.0
0.0;500.0
1.0;399.0
0.0;156.0
0.0;500.0
0.0;500.0
0.0;500.0
0.0;500.0
0.0;500.0
0.0;500.0
0.0;500.0
0.0;500.0
0.0;500.0
0.0;500.0
0.0;500.0
0.0;500.0
0.0;500.0
0.0;500.0
0.0;500.0
0.0;500.0
0.0;500.0
0.0;500.0
0.0;500.0
0.0;500.0
0.0;500.0
0.0;500.0
0.0;500.0
0.0;500.0
0.0;500.0
0.0;500.0
0.0;500.0
0.0;500.0
0.0;500.0
0.0;500.0
0.0;500.0
0.0;500.0
0.0;500.0
0.0;500.0
0.0;500.0
0.0;500.0
0.0;500.0
0.0;500.0
0.0;500.0
0.0;500.0
0.0;500.0
0.0;500.0
0.0;500.0
0.0;500.0
0.0;500.0
0.0;500.0
0.0;500.0
0.0;500.0
0.0;500.0
0.0;500.0
0.0;500.0
0.0;500.0
0.0;500.0
0.0;500.0
0.0;500.0
0.0;500.0
0.0;500.0
0.0;500.0
0.0;500.0
0.0;500.0
0.0;500.0
0.0;500.0
0.0;500.0
0.0;500.0
0.0;500.0
0.0;500.0
0.0;500.0
0.0;500.0
0.0;500.0
0.0;500.0
0.0;500.0
0.0;500.0
0.0;500.0
0.0;500.0
0.0;500.0
0.0;500.0
0.0;500.0
0.0;500.0
0.0;500.0
0.0;500.0
0.0;500.0
0.0;500.0
0.0;500.0
0.0;500.0
0.0;500.0
0.0;500.0
0.0;500.0
0.0;500.0
0.0;500.0
0.0;500.0
0.0;500.0
0.0;500.0
0.0;500.0
0.0;500.0
0.0;500.0
0.0;500.0
0.0;500.0
0.0;500.0
0.0;500.0
0.0;500.0
0.0;500.0
0.0;500.0
0.0;500.0
0.0;500.0
0.0;500.0
0.0;500.0
0.0;500.0
0.0;500.0
0.0;500.0
0.0;500.0
0.0;500.0
0.0;500.0
0.0;500.0
0.0;500.0
0.0;500.0
0.0;500.0
0.0;500.0
0.0;500.0
0.0;500.0
0.0;500.0
0.0;500.0
0.0;500.0
0.0;500.0
0.0;500.0
0.0;500.0
0.0;500.0
0.0;500.0
0.0;500.0
0.0;500.0
0.0;500.0
0.0;500.0
0.0;500.0
0.0;500.0
0.0;500.0
0.0;500.0
0.0;500.0
0.0;500.0
0.0;500.0
0.0;500.0
0.0;500.0
0.0;500.0
0.0;500.0
0.0;500.0
0.0;500.0
0.0;500.0
0.0;500.0
0.0;500.0
0.0;500.0
0.0;500.0
0.0;500.0
0.0;500.0
0.0;500.0
0.0;500.0
0.0;500.0
0.0;500.0
0.0;500.0
0.0;500.0
0.0;500.0
0.0;500.0
0.0;500.0
0.0;500.0
0.0;500.0
0.0;500.0
0.0;500.0
0.0;500.0
0.0;500.0
0.0;500.0
0.0;500.0
0.0;500.0
0.0;500.0
0.0;500.0
0.0;500.0
0.0;500.0
0.0;500.0
0.0;500.0
0.0;500.0
0.0;500.0
1.0;16.0
0.0;500.0
0.0;500.0
0.0;500.0
0.0;500.0
0.0;500.0
0.0;500.0
0.0;500.0
0.0;500.0
0.0;500.0
0.0;500.0
0.0;500.0
0.0;500.0
0.0;500.0
0.0;500.0
0.0;500.0
0.0;500.0
0.0;500.0
0.0;500.0
0.0;500.0
0.0;500.0
0.0;500.0
0.0;500.0
0.0;500.0
0.0;500.0
0.0;500.0
0.0;500.0
0.0;500.0
0.0;500.0
0.0;500.0
0.0;500.0
0.0;500.0
0.0;500.0
0.0;500.0
0.0;500.0
0.0;500.0
0.0;500.0
0.0;500.0
1.0;18.0
0.0;500.0
0.0;500.0
0.0;500.0
0.0;500.0
0.0;500.0
0.0;500.0
0.0;500.0
0.0;500.0
0.0;500.0
0.0;500.0
0.0;500.0
0.0;500.0
0.0;500.0
0.0;500.0
0.0;500.0
0.0;500.0
0.0;500.0
0.0;500.0
0.0;500.0
0.0;500.0
0.0;500.0
0.0;500.0
0.0;500.0
0.0;500.0
0.0;500.0
0.0;500.0
0.0;500.0
0.0;500.0
0.0;500.0
0.0;500.0
0.0;500.0
0.0;500.0
0.0;500.0
0.0;500.0
0.0;500.0
0.0;500.0
0.0;500.0
0.0;500.0
0.0;500.0
0.0;500.0
0.0;500.0
0.0;500.0
0.0;500.0
0.0;500.0
0.0;500.0
1.0;16.0
0.0;500.0
0.0;500.0
0.0;500.0
0.0;500.0
0.0;500.0
0.0;500.0
0.0;500.0
0.0;500.0
1.0;17.0
0.0;500.0
0.0;500.0
0.0;500.0
0.0;500.0
0.0;500.0
0.0;500.0
0.0;500.0
0.0;500.0
0.0;500.0
0.0;500.0
0.0;500.0
0.0;500.0
0.0;500.0
0.0;500.0
0.0;500.0
0.0;500.0
0.0;500.0
0.0;500.0
0.0;500.0
0.0;500.0
0.0;500.0
0.0;500.0
0.0;500.0
0.0;500.0
0.0;500.0
0.0;500.0
0.0;500.0
0.0;500.0
0.0;500.0
0.0;500.0
0.0;500.0
0.0;500.0
0.0;500.0
0.0;500.0
0.0;500.0
0.0;500.0
0.0;500.0
0.0;500.0
0.0;500.0
0.0;500.0
0.0;500.0
0.0;500.0
0.0;500.0
0.0;500.0
0.0;500.0
0.0;500.0
0.0;500.0
0.0;500.0
0.0;500.0
0.0;500.0
0.0;500.0
0.0;500.0
0.0;500.0
0.0;500.0
0.0;500.0
1.0;18.0
0.0;500.0
0.0;500.0
0.0;500.0
0.0;500.0
0.0;500.0
0.0;500.0
0.0;500.0
0.0;500.0
0.0;500.0
0.0;500.0
0.0;500.0
0.0;500.0
0.0;500.0
0.0;500.0
0.0;500.0
0.0;500.0
1.0;19.0
0.0;500.0
0.0;500.0
1.0;18.0
1.0;18.0
1.0;16.0
0.0;500.0
1.0;18.0
0.0;500.0
0.0;500.0
0.0;500.0
0.0;500.0
0.0;500.0
0.0;500.0
1.0;16.0
0.0;500.0
0.0;500.0
0.0;500.0
1.0;18.0
0.0;500.0
0.0;500.0
0.0;500.0
0.0;500.0
0.0;500.0
0.0;500.0
0.0;500.0
0.0;500.0
1.0;17.0
0.0;500.0
0.0;500.0
0.0;500.0
0.0;500.0
0.0;500.0
1.0;16.0
0.0;500.0
0.0;500.0
1.0;16.0
0.0;500.0
1.0;16.0
0.0;500.0
0.0;500.0
0.0;500.0
0.0;500.0
0.0;500.0
0.0;500.0
0.0;500.0
0.0;500.0
1.0;18.0
0.0;500.0
0.0;500.0
0.0;500.0
0.0;500.0
0.0;500.0
0.0;500.0
0.0;500.0
1.0;16.0
0.0;500.0
0.0;500.0
1.0;17.0
0.0;500.0
0.0;500.0
1.0;16.0
0.0;500.0
0.0;500.0
0.0;500.0
0.0;500.0
0.0;500.0
0.0;500.0
0.0;500.0
0.0;500.0
0.0;500.0
1.0;18.0
0.0;500.0
0.0;500.0
0.0;500.0
0.0;500.0
0.0;500.0
0.0;500.0
0.0;500.0
0.0;500.0
0.0;500.0
1.0;18.0
1.0;16.0
0.0;500.0
0.0;500.0
0.0;500.0
0.0;500.0
1.0;16.0
1.0;16.0
0.0;500.0
0.0;500.0
0.0;500.0
0.0;500.0
0.0;500.0
0.0;500.0
0.0;500.0
0.0;500.0
0.0;500.0
1.0;21.0
1.0;21.0
0.0;500.0
1.0;21.0
0.0;500.0
0.0;500.0
0.0;500.0
0.0;500.0
1.0;18.0
0.0;500.0
0.0;500.0
1.0;16.0
1.0;16.0
0.0;500.0
0.0;500.0
1.0;16.0
0.0;500.0
0.0;500.0
0.0;500.0
0.0;500.0
0.0;500.0
0.0;500.0
1.0;16.0
0.0;500.0
0.0;500.0
0.0;500.0
0.0;500.0
0.0;500.0
1.0;16.0
0.0;500.0
0.0;500.0
1.0;16.0
0.0;500.0
0.0;500.0
1.0;17.0
0.0;500.0
0.0;500.0
0.0;500.0
1.0;17.0
1.0;16.0
0.0;500.0
1.0;16.0
1.0;19.0
1.0;16.0
1.0;16.0
0.0;500.0
0.0;500.0
1.0;16.0
0.0;500.0
1.0;16.0
0.0;500.0
1.0;16.0
0.0;500.0
0.0;500.0
1.0;16.0
0.0;500.0
0.0;500.0
0.0;500.0
0.0;500.0
0.0;500.0
0.0;500.0
0.0;500.0
0.0;500.0
1.0;20.0
0.0;500.0
1.0;16.0
0.0;500.0
0.0;500.0
1.0;18.0
1.0;16.0
1.0;17.0
1.0;16.0
1.0;16.0
1.0;17.0
1.0;18.0
0.0;500.0
1.0;16.0
0.0;500.0
1.0;16.0
0.0;500.0
1.0;16.0
1.0;18.0
1.0;16.0
1.0;16.0
1.0;20.0
1.0;16.0
0.0;500.0
1.0;16.0
0.0;500.0
0.0;500.0
0.0;500.0
1.0;16.0
0.0;500.0
1.0;16.0
1.0;16.0
0.0;500.0
0.0;500.0
0.0;500.0
1.0;16.0
1.0;16.0
0.0;500.0
1.0;16.0
0.0;500.0
0.0;500.0
1.0;16.0
1.0;16.0
1.0;16.0
0.0;500.0
1.0;16.0
1.0;16.0
0.0;500.0
1.0;16.0
1.0;16.0
0.0;500.0
1.0;16.0
0.0;500.0
0.0;500.0
0.0;500.0
1.0;16.0
1.0;16.0
0.0;500.0
0.0;500.0
0.0;500.0
1.0;16.0
0.0;500.0
1.0;16.0
1.0;16.0
0.0;500.0
0.0;500.0
1.0;16.0
1.0;16.0
1.0;16.0
1.0;16.0
1.0;16.0
1.0;16.0
1.0;16.0
1.0;16.0
1.0;16.0
1.0;16.0
1.0;16.0
1.0;16.0
1.0;16.0
1.0;16.0
1.0;16.0
1.0;16.0
1.0;16.0
1.0;16.0
1.0;16.0
1.0;16.0
1.0;16.0
1.0;16.0
1.0;16.0
1.0;16.0
1.0;16.0
1.0;16.0
1.0;16.0
1.0;16.0
1.0;16.0
1.0;16.0
1.0;16.0
1.0;16.0
1.0;16.0
1.0;16.0
1.0;16.0
1.0;16.0
1.0;16.0
1.0;16.0
1.0;16.0
1.0;16.0
1.0;16.0
1.0;16.0
1.0;16.0
1.0;16.0
1.0;16.0
1.0;16.0
1.0;16.0
1.0;16.0
1.0;16.0
1.0;16.0
1.0;16.0
1.0;16.0
1.0;16.0
1.0;16.0
1.0;16.0
1.0;16.0
1.0;16.0
1.0;16.0
1.0;16.0
1.0;16.0
1.0;16.0
1.0;16.0
1.0;16.0
1.0;16.0
1.0;16.0
1.0;16.0
1.0;16.0
1.0;16.0
1.0;16.0
1.0;16.0
1.0;16.0
1.0;16.0
1.0;16.0
1.0;16.0
1.0;16.0
1.0;16.0
1.0;16.0
1.0;16.0
1.0;16.0
1.0;16.0
1.0;16.0
1.0;16.0
1.0;16.0
1.0;16.0
1.0;16.0
1.0;16.0
1.0;16.0
1.0;16.0
1.0;16.0
1.0;16.0
1.0;16.0
1.0;16.0
1.0;16.0
1.0;16.0
1.0;16.0
1.0;16.0
1.0;16.0
1.0;16.0
1.0;16.0
1.0;16.0
1.0;16.0
1.0;16.0
1.0;16.0
1.0;16.0
1.0;16.0
1.0;16.0
1.0;16.0
1.0;16.0
1.0;16.0
1.0;16.0
1.0;16.0
1.0;16.0
1.0;16.0
1.0;16.0
1.0;16.0
1.0;16.0
1.0;16.0
1.0;16.0
1.0;16.0
1.0;16.0
1.0;16.0
1.0;16.0
1.0;16.0
1.0;16.0
1.0;16.0
1.0;16.0
1.0;16.0
1.0;16.0
1.0;16.0
1.0;16.0
1.0;16.0
1.0;16.0
1.0;16.0
1.0;16.0
1.0;16.0
1.0;16.0
1.0;16.0
1.0;16.0
1.0;16.0
1.0;16.0
1.0;16.0
1.0;16.0
1.0;16.0
1.0;16.0
1.0;16.0
1.0;16.0
1.0;16.0
1.0;16.0
1.0;16.0
1.0;16.0
1.0;16.0
1.0;16.0
1.0;16.0
1.0;16.0
1.0;16.0
1.0;16.0
1.0;16.0
1.0;16.0
1.0;16.0
1.0;16.0
1.0;16.0
1.0;16.0
1.0;16.0
1.0;16.0
1.0;16.0
1.0;16.0
1.0;16.0
1.0;16.0
1.0;16.0
1.0;16.0
1.0;16.0
1.0;16.0
1.0;16.0
1.0;16.0
1.0;16.0
1.0;16.0
1.0;16.0
1.0;16.0
1.0;16.0
1.0;16.0
1.0;16.0
1.0;16.0
1.0;16.0
1.0;16.0
1.0;16.0
1.0;16.0
1.0;16.0
1.0;16.0
1.0;16.0
1.0;16.0
1.0;16.0
1.0;16.0
1.0;16.0
1.0;16.0
1.0;16.0
1.0;16.0
1.0;16.0
1.0;16.0
1.0;16.0
1.0;16.0
1.0;16.0
1.0;16.0
1.0;16.0
1.0;16.0
1.0;16.0
1.0;16.0
1.0;16.0
1.0;16.0
1.0;16.0
1.0;16.0
1.0;16.0
1.0;16.0
1.0;16.0
1.0;16.0
1.0;16.0
1.0;16.0
1.0;16.0
1.0;16.0
1.0;16.0
1.0;16.0
1.0;16.0
1.0;16.0
1.0;16.0
1.0;16.0
1.0;16.0
1.0;16.0
1.0;16.0
1.0;16.0
1.0;16.0
1.0;16.0
1.0;16.0
1.0;16.0
1.0;16.0
1.0;16.0
1.0;16.0
1.0;16.0
1.0;16.0
1.0;16.0
1.0;16.0
1.0;16.0
1.0;16.0
1.0;16.0
1.0;16.0
1.0;16.0
1.0;16.0
1.0;16.0
1.0;16.0
1.0;16.0
1.0;16.0
1.0;16.0
1.0;16.0
1.0;16.0
1.0;16.0
1.0;16.0
1.0;16.0
1.0;16.0
1.0;16.0
1.0;16.0
1.0;16.0
1.0;16.0
1.0;16.0
1.0;16.0
1.0;16.0
1.0;16.0
1.0;16.0
1.0;16.0
1.0;16.0
1.0;16.0
1.0;16.0
1.0;16.0
1.0;16.0
1.0;16.0
1.0;16.0
1.0;16.0
1.0;16.0
1.0;16.0
1.0;16.0
1.0;16.0
1.0;16.0
1.0;16.0
1.0;16.0
1.0;16.0
1.0;16.0
1.0;16.0
1.0;16.0
1.0;16.0
1.0;16.0
1.0;16.0
1.0;16.0
1.0;16.0
1.0;16.0
1.0;16.0
1.0;16.0
1.0;16.0
1.0;16.0
1.0;16.0
1.0;16.0
1.0;16.0
1.0;16.0
1.0;16.0
1.0;16.0
1.0;16.0
1.0;16.0
1.0;16.0
1.0;16.0
1.0;16.0
1.0;16.0
1.0;16.0
1.0;16.0
1.0;16.0
1.0;16.0
1.0;16.0
1.0;16.0
1.0;16.0
1.0;16.0
1.0;16.0
1.0;16.0
1.0;16.0
1.0;16.0
1.0;16.0
1.0;16.0
1.0;16.0
1.0;16.0
1.0;16.0
1.0;16.0
1.0;16.0
1.0;16.0
1.0;16.0
1.0;16.0
1.0;16.0
1.0;16.0
1.0;16.0
1.0;16.0
1.0;16.0
1.0;16.0
1.0;16.0
1.0;16.0
1.0;16.0
1.0;16.0
1.0;16.0
1.0;16.0
1.0;16.0
1.0;16.0
1.0;16.0
1.0;16.0
1.0;16.0
1.0;16.0
1.0;16.0
1.0;16.0
1.0;16.0
1.0;16.0
1.0;16.0
1.0;16.0
1.0;16.0
1.0;16.0
1.0;16.0
1.0;16.0
1.0;16.0
