0.0;28.0
0.0;7.0
0.0;20.0
0.0;33.0
1.0;84.0
0.0;500.0
0.0;143.0
0.0;500.0
0.0;500.0
0.0;500.0
0.0;11.0
0.0;5.0
0.0;500.0
0.0;5.0
0.0;5.0
0.0;500.0
0.0;8.0
0.0;5.0
0.0;5.0
0.0;29.0
0.0;17.0
0.0;5.0
0.0;5.0
0.0;500.0
0.0;5.0
0.0;5.0
0.0;5.0
0.0;5.0
0.0;5.0
0.0;5.0
0.0;5.0
0.0;5.0
0.0;5.0
0.0;5.0
0.0;5.0
0.0;5.0
0.0;5.0
0.0;5.0
0.0;5.0
0.0;5.0
0.0;5.0
0.0;5.0
0.0;5.0
0.0;5.0
0.0;5.0
0.0;5.0
0.0;5.0
0.0;5.0
0.0;5.0
0.0;5.0
0.0;5.0
0.0;5.0
0.0;5.0
0.0;5.0
0.0;5.0
0.0;5.0
0.0;5.0
0.0;5.0
0.0;5.0
0.0;5.0
0.0;5.0
0.0;5.0
0.0;5.0
0.0;5.0
0.0;5.0
0.0;5.0
0.0;5.0
0.0;5.0
0.0;5.0
0.0;5.0
0.0;5.0
0.0;5.0
0.0;5.0
0.0;5.0
0.0;5.0
0.0;5.0
0.0;5.0
0.0;5.0
0.0;5.0
0.0;5.0
0.0;5.0
0.0;5.0
0.0;5.0
0.0;5.0
0.0;5.0
0.0;5.0
0.0;5.0
0.0;5.0
0.0;5.0
0.0;5.0
0.0;5.0
0.0;5.0
0.0;5.0
0.0;5.0
0.0;5.0
0.0;5.0
0.0;5.0
0.0;5.0
0.0;5.0
0.0;5.0
0.0;5.0
0.0;5.0
0.0;5.0
0.0;5.0
0.0;5.0
0.0;5.0
0.0;5.0
0.0;5.0
0.0;5.0
0.0;5.0
0.0;5.0
0.0;5.0
0.0;5.0
0.0;5.0
0.0;5.0
0.0;5.0
0.0;5.0
0.0;5.0
0.0;5.0
0.0;5.0
0.0;5.0
0.0;5.0
0.0;5.0
0.0;5.0
0.0;5.0
0.0;5.0
0.0;5.0
0.0;5.0
0.0;5.0
0.0;5.0
0.0;5.0
0.0;5.0
0.0;5.0
0.0;5.0
0.0;5.0
0.0;5.0
0.0;5.0
0.0;5.0
0.0;5.0
0.0;5.0
0.0;5.0
0.0;5.0
0.0;5.0
0.0;5.0
0.0;5.0
0.0;5.0
0.0;5.0
0.0;5.0
0.0;5.0
0.0;5.0
0.0;5.0
0.0;5.0
0.0;5.0
0.0;5.0
0.0;5.0
0.0;5.0
0.0;5.0
0.0;5.0
0.0;5.0
0.0;5.0
0.0;5.0
0.0;5.0
0.0;5.0
0.0;5.0
0.0;5.0
0.0;5.0
0.0;5.0
0.0;5.0
0.0;5.0
0.0;5.0
0.0;5.0
0.0;5.0
0.0;5.0
0.0;5.0
0.0;5.0
0.0;5.0
0.0;5.0
0.0;10.0
0.0;500.0
0.0;500.0
0.0;500.0
0.0;500.0
0.0;500.0
0.0;500.0
0.0;500.0
1.0;314.0
0.0;500.0
0.0;500.0
0.0;500.0
0.0;500.0
0.0;500.0
0.0;500.0
0.0;500.0
0.0;500.0
0.0;500.0
0.0;500.0
0.0;73.0
1.0;293.0
0.0;500.0
0.0;500.0
0.0;500.0
0.0;500.0
0.0;500.0
0.0;500.0
0.0;500.0
0.0;500.0
0.0;500.0
0.0;500.0
0.0;500.0
0.0;500.0
0.0;500.0
0.0;500.0
0.0;500.0
0.0;500.0
0.0;500.0
0.0;500.0
0.0;500.0
0.0;500.0
0.0;500.0
0.0;500.0
0.0;500.0
0.0;500.0
0.0;500.0
0.0;500.0
0.0;500.0
0.0;500.0
0.0;500.0
0.0;500.0
0.0;500.0
0.0;500.0
0.0;500.0
0.0;500.0
0.0;500.0
0.0;500.0
0.0;500.0
0.0;500.0
0.0;500.0
0.0;500.0
0.0;500.0
0.0;500.0
0.0;500.0
0.0;500.0
0.0;500.0
0.0;500.0
0.0;500.0
0.0;500.0
0.0;500.0
0.0;500.0
0.0;500.0
0.0;500.0
0.0;500.0
0.0;500.0
0.0;500.0
0.0;500.0
0.0;500.0
0.0;500.0
0.0;500.0
0.0;500.0
1.0;14.0
0.0;500.0
0.0;500.0
0.0;500.0
0.0;500.0
0.0;500.0
0.0;500.0
0.0;500.0
0.0;500.0
0.0;500.0
0.0;500.0
0.0;500.0
0.0;500.0
0.0;500.0
0.0;500.0
0.0;500.0
0.0;500.0
0.0;500.0
0.0;500.0
0.0;500.0
0.0;500.0
0.0;500.0
0.0;500.0
0.0;500.0
0.0;500.0
0.0;500.0
0.0;500.0
0.0;500.0
0.0;500.0
0.0;500.0
0.0;500.0
0.0;500.0
0.0;500.0
0.0;500.0
0.0;500.0
0.0;500.0
0.0;500.0
0.0;500.0
0.0;500.0
0.0;500.0
0.0;500.0
0.0;500.0
0.0;500.0
0.0;500.0
0.0;500.0
0.0;500.0
0.0;500.0
0.0;500.0
0.0;500.0
0.0;500.0
0.0;500.0
0.0;500.0
0.0;500.0
0.0;500.0
0.0;500.0
0.0;500.0
0.0;500.0
0.0;500.0
0.0;500.0
0.0;500.0
0.0;500.0
0.0;500.0
0.0;500.0
0.0;500.0
0.0;500.0
0.0;500.0
0.0;500.0
0.0;500.0
0.0;500.0
0.0;500.0
0.0;500.0
0.0;500.0
0.0;500.0
0.0;500.0
0.0;500.0
0.0;500.0
0.0;500.0
0.0;500.0
0.0;500.0
0.0;500.0
0.0;500.0
0.0;500.0
0.0;500.0
0.0;500.0
0.0;500.0
0.0;500.0
0.0;500.0
0.0;500.0
0.0;500.0
0.0;500.0
0.0;500.0
0.0;500.0
0.0;500.0
0.0;500.0
0.0;500.0
0.0;500.0
0.0;500.0
0.0;500.0
0.0;500.0
0.0;500.0
0.0;500.0
0.0;500.0
0.0;500.0
0.0;500.0
0.0;500.0
0.0;500.0
0.0;500.0
0.0;500.0
0.0;500.0
0.0;500.0
0.0;500.0
0.0;500.0
0.0;500.0
0.0;500.0
0.0;500.0
0.0;500.0
0.0;500.0
0.0;500.0
0.0;500.0
0.0;500.0
0.0;500.0
0.0;500.0
0.0;500.0
0.0;500.0
0.0;500.0
0.0;500.0
0.0;500.0
0.0;500.0
0.0;500.0
0.0;500.0
0.0;500.0
0.0;500.0
0.0;500.0
0.0;500.0
0.0;500.0
0.0;500.0
0.0;500.0
0.0;500.0
0.0;500.0
0.0;500.0
0.0;500.0
0.0;500.0
0.0;500.0
0.0;500.0
0.0;500.0
0.0;500.0
0.0;500.0
0.0;500.0
0.0;500.0
0.0;500.0
0.0;500.0
1.0;14.0
0.0;500.0
0.0;500.0
1.0;12.0
0.0;500.0
0.0;500.0
0.0;500.0
0.0;500.0
0.0;500.0
0.0;500.0
0.0;500.0
0.0;500.0
0.0;500.0
0.0;500.0
0.0;500.0
0.0;500.0
0.0;500.0
0.0;500.0
0.0;500.0
0.0;500.0
1.0;16.0
0.0;500.0
0.0;500.0
0.0;500.0
0.0;500.0
0.0;500.0
0.0;500.0
0.0;500.0
1.0;14.0
0.0;500.0
0.0;500.0
0.0;500.0
0.0;500.0
0.0;500.0
0.0;500.0
0.0;500.0
0.0;500.0
0.0;500.0
0.0;500.0
0.0;500.0
0.0;500.0
0.0;500.0
0.0;500.0
0.0;500.0
0.0;500.0
0.0;500.0
0.0;500.0
0.0;500.0
1.0;16.0
0.0;500.0
0.0;500.0
0.0;500.0
0.0;500.0
0.0;500.0
0.0;500.0
0.0;500.0
0.0;500.0
0.0;500.0
0.0;500.0
1.0;12.0
0.0;500.0
0.0;500.0
1.0;14.0
0.0;500.0
0.0;500.0
0.0;500.0
0.0;500.0
0.0;500.0
0.0;500.0
0.0;500.0
0.0;500.0
0.0;500.0
0.0;500.0
0.0;500.0
0.0;500.0
0.0;500.0
0.0;500.0
0.0;500.0
0.0;500.0
0.0;500.0
0.0;500.0
1.0;14.0
0.0;500.0
0.0;500.0
0.0;500.0
0.0;500.0
1.0;22.0
0.0;500.0
0.0;500.0
1.0;16.0
0.0;500.0
1.0;12.0
0.0;500.0
0.0;500.0
0.0;500.0
1.0;12.0
1.0;12.0
1.0;14.0
1.0;14.0
0.0;500.0
0.0;500.0
0.0;500.0
0.0;500.0
0.0;500.0
0.0;500.0
0.0;500.0
0.0;500.0
0.0;500.0
1.0;14.0
1.0;12.0
0.0;500.0
1.0;12.0
0.0;500.0
0.0;500.0
0.0;500.0
1.0;12.0
0.0;500.0
1.0;12.0
0.0;500.0
0.0;500.0
1.0;12.0
1.0;12.0
1.0;12.0
1.0;12.0
1.0;12.0
1.0;12.0
1.0;12.0
1.0;12.0
1.0;12.0
1.0;12.0
1.0;12.0
1.0;12.0
1.0;12.0
1.0;12.0
1.0;12.0
1.0;12.0
1.0;12.0
1.0;12.0
1.0;12.0
1.0;12.0
1.0;12.0
1.0;12.0
1.0;12.0
1.0;12.0
1.0;12.0
1.0;12.0
1.0;12.0
1.0;12.0
1.0;12.0
1.0;12.0
1.0;12.0
1.0;12.0
1.0;12.0
1.0;12.0
1.0;12.0
1.0;12.0
1.0;12.0
1.0;12.0
1.0;12.0
1.0;12.0
1.0;12.0
1.0;12.0
1.0;12.0
1.0;12.0
1.0;12.0
1.0;12.0
1.0;12.0
1.0;12.0
1.0;12.0
1.0;12.0
1.0;12.0
1.0;12.0
1.0;12.0
1.0;12.0
1.0;12.0
1.0;12.0
1.0;12.0
1.0;12.0
1.0;12.0
1.0;12.0
1.0;12.0
1.0;12.0
1.0;12.0
1.0;12.0
1.0;12.0
1.0;12.0
1.0;12.0
1.0;12.0
1.0;12.0
1.0;12.0
1.0;12.0
1.0;12.0
1.0;12.0
1.0;12.0
1.0;12.0
1.0;12.0
1.0;12.0
1.0;12.0
1.0;12.0
1.0;12.0
1.0;12.0
1.0;12.0
1.0;12.0
1.0;12.0
1.0;12.0
1.0;12.0
1.0;12.0
1.0;12.0
1.0;12.0
1.0;12.0
1.0;12.0
1.0;12.0
1.0;12.0
1.0;12.0
1.0;12.0
1.0;12.0
1.0;12.0
1.0;12.0
1.0;12.0
1.0;12.0
1.0;12.0
1.0;12.0
1.0;12.0
1.0;12.0
1.0;12.0
1.0;12.0
1.0;12.0
1.0;12.0
1.0;12.0
1.0;12.0
1.0;12.0
1.0;12.0
1.0;12.0
1.0;12.0
1.0;12.0
1.0;12.0
1.0;12.0
1.0;12.0
1.0;12.0
1.0;12.0
1.0;12.0
1.0;12.0
1.0;12.0
1.0;12.0
1.0;12.0
1.0;12.0
1.0;12.0
1.0;12.0
1.0;12.0
1.0;12.0
1.0;12.0
1.0;12.0
1.0;12.0
1.0;12.0
1.0;12.0
1.0;12.0
1.0;12.0
1.0;12.0
1.0;12.0
1.0;12.0
1.0;12.0
1.0;12.0
1.0;12.0
1.0;12.0
1.0;12.0
1.0;12.0
1.0;12.0
1.0;12.0
1.0;12.0
1.0;12.0
1.0;12.0
1.0;12.0
1.0;12.0
1.0;12.0
1.0;12.0
1.0;12.0
1.0;12.0
1.0;12.0
1.0;12.0
1.0;12.0
1.0;12.0
1.0;12.0
1.0;12.0
1.0;12.0
1.0;12.0
1.0;12.0
1.0;12.0
1.0;12.0
1.0;12.0
1.0;12.0
1.0;12.0
1.0;12.0
1.0;12.0
1.0;12.0
1.0;12.0
1.0;12.0
1.0;12.0
1.0;12.0
1.0;12.0
1.0;12.0
1.0;12.0
1.0;12.0
1.0;12.0
1.0;12.0
1.0;12.0
1.0;12.0
1.0;12.0
1.0;12.0
1.0;12.0
1.0;12.0
1.0;12.0
1.0;12.0
1.0;12.0
1.0;12.0
1.0;12.0
1.0;12.0
1.0;12.0
1.0;12.0
1.0;12.0
1.0;12.0
1.0;12.0
1.0;12.0
1.0;12.0
1.0;12.0
1.0;12.0
1.0;12.0
1.0;12.0
1.0;12.0
1.0;12.0
1.0;12.0
1.0;12.0
1.0;12.0
1.0;12.0
1.0;12.0
1.0;12.0
1.0;12.0
1.0;12.0
1.0;12.0
1.0;12.0
1.0;12.0
1.0;12.0
1.0;12.0
1.0;12.0
1.0;12.0
1.0;12.0
1.0;12.0
1.0;12.0
1.0;12.0
1.0;12.0
1.0;12.0
1.0;12.0
1.0;12.0
1.0;12.0
1.0;12.0
1.0;12.0
1.0;12.0
1.0;12.0
1.0;12.0
1.0;12.0
1.0;12.0
1.0;12.0
1.0;12.0
1.0;12.0
1.0;12.0
1.0;12.0
1.0;12.0
1.0;12.0
1.0;12.0
1.0;12.0
1.0;12.0
1.0;12.0
1.0;12.0
1.0;12.0
1.0;12.0
1.0;12.0
1.0;12.0
1.0;12.0
1.0;12.0
1.0;12.0
1.0;12.0
1.0;12.0
1.0;12.0
1.0;12.0
1.0;12.0
1.0;12.0
1.0;12.0
1.0;12.0
1.0;12.0
1.0;12.0
1.0;12.0
1.0;12.0
1.0;12.0
1.0;12.0
1.0;12.0
1.0;12.0
1.0;12.0
1.0;12.0
1.0;12.0
1.0;12.0
1.0;12.0
1.0;12.0
1.0;12.0
1.0;12.0
1.0;12.0
1.0;12.0
1.0;12.0
1.0;12.0
1.0;12.0
1.0;12.0
1.0;12.0
1.0;12.0
1.0;12.0
1.0;12.0
1.0;12.0
1.0;12.0
1.0;12.0
1.0;12.0
1.0;12.0
1.0;12.0
1.0;12.0
1.0;12.0
1.0;12.0
1.0;12.0
1.0;12.0
1.0;12.0
1.0;12.0
1.0;12.0
1.0;12.0
1.0;12.0
1.0;12.0
1.0;12.0
1.0;12.0
1.0;12.0
1.0;12.0
1.0;12.0
1.0;12.0
1.0;12.0
1.0;12.0
1.0;12.0
1.0;12.0
1.0;12.0
1.0;12.0
1.0;12.0
1.0;12.0
1.0;12.0
1.0;12.0
1.0;12.0
1.0;12.0
1.0;12.0
1.0;12.0
1.0;12.0
1.0;12.0
1.0;12.0
1.0;12.0
1.0;12.0
1.0;12.0
1.0;12.0
1.0;12.0
1.0;12.0
1.0;12.0
1.0;12.0
1.0;12.0
1.0;12.0
1.0;12.0
1.0;12.0
1.0;12.0
1.0;12.0
1.0;12.0
1.0;12.0
1.0;12.0
1.0;12.0
1.0;12.0
1.0;12.0
1.0;12.0
1.0;12.0
1.0;12.0
1.0;12.0
1.0;12.0
1.0;12.0
1.0;12.0
1.0;12.0
1.0;12.0
1.0;12.0
1.0;12.0
1.0;12.0
1.0;12.0
1.0;12.0
1.0;12.0
1.0;12.0
1.0;12.0
1.0;12.0
1.0;12.0
1.0;12.0
1.0;12.0
1.0;12.0
1.0;12.0
1.0;12.0
1.0;12.0
1.0;12.0
1.0;12.0
1.0;12.0
1.0;12.0
1.0;12.0
1.0;12.0
1.0;12.0
1.0;12.0
1.0;12.0
1.0;12.0
1.0;12.0
1.0;12.0
1.0;12.0
1.0;12.0
1.0;12.0
1.0;12.0
1.0;12.0
1.0;12.0
1.0;12.0
1.0;12.0
1.0;12.0
1.0;12.0
1.0;12.0
1.0;12.0
1.0;12.0
1.0;12.0
1.0;12.0
1.0;12.0
1.0;12.0
1.0;12.0
1.0;12.0
1.0;12.0
1.0;12.0
1.0;12.0
1.0;12.0
1.0;12.0
1.0;12.0
1.0;12.0
1.0;12.0
1.0;12.0
1.0;12.0
1.0;12.0
1.0;12.0
1.0;12.0
1.0;12.0
1.0;12.0
1.0;12.0
1.0;12.0
1.0;12.0
1.0;12.0
1.0;12.0
1.0;12.0
1.0;12.0
1.0;12.0
1.0;12.0
1.0;12.0
1.0;12.0
1.0;12.0
1.0;12.0
1.0;12.0
1.0;12.0
1.0;12.0
1.0;12.0
1.0;12.0
1.0;12.0
1.0;12.0
1.0;12.0
1.0;12.0
1.0;12.0
1.0;12.0
1.0;12.0
1.0;12.0
1.0;12.0
1.0;12.0
1.0;12.0
1.0;12.0
1.0;12.0
1.0;12.0
1.0;12.0
1.0;12.0
1.0;12.0
1.0;12.0
1.0;12.0
1.0;12.0
1.0;12.0
1.0;12.0
1.0;12.0
1.0;12.0
1.0;12.0
1.0;12.0
1.0;12.0
1.0;12.0
1.0;12.0
